200 250 200
80 80 160
105 164 69 139 196 97
1 107 29 6 6 12
3 131 18 2 2 4
4 148 26 4 4 8
5 94 15 2 2 4
5 105 28 1 1 2
6 114 28 4 4 8
7 90 26 4 4 8
8 69 26 6 6 12
8 11 14 4 4 8
9 161 9 2 2 4
10 152 22 6 6 12
11 139 12 3 3 6
12 194 7 3 3 6
13 81 5 3 3 6
14 141 17 6 6 12
15 144 6 6 6 12
16 58 20 2 2 4
17 107 28 4 4 8
18 90 25 2 2 4
19 106 17 2 2 4
21 91 14 5 5 10
22 195 30 5 5 10
23 76 8 4 4 8
24 117 26 2 2 4
25 83 25 3 3 6
26 46 14 4 4 8
28 81 9 6 6 12
28 31 12 2 2 4
29 55 24 2 2 4
30 55 19 6 6 12
32 48 18 4 4 8
33 139 29 4 4 8
34 98 30 6 6 12
35 113 29 3 3 6
36 159 11 2 2 4
37 43 18 5 5 10
38 42 20 6 6 12
38 184 13 2 2 4
39 162 23 3 3 6
40 63 15 5 5 10
42 46 10 4 4 8
43 190 17 4 4 8
44 123 18 5 5 10
44 126 21 4 4 8
45 46 30 6 6 12
46 51 16 4 4 8
46 178 26 1 1 2
48 163 10 2 2 4
49 95 11 4 4 8
51 148 11 1 1 2
51 176 30 2 2 4
52 164 17 4 4 8
52 167 13 1 1 2
53 165 9 6 6 12
54 164 22 4 4 8
55 65 27 1 1 2
56 180 10 4 4 8
56 108 9 4 4 8
57 116 13 6 6 12
58 189 27 2 2 4
59 169 17 6 6 12
60 106 9 1 1 2
61 133 17 2 2 4
62 96 21 3 3 6
63 158 17 6 6 12
65 123 30 2 2 4
66 190 17 1 1 2
68 91 9 1 1 2
71 103 7 2 2 4
72 160 7 3 3 6
73 106 11 4 4 8
74 164 12 6 6 12
75 106 23 3 3 6
77 156 22 1 1 2
77 103 5 1 1 2
78 95 25 6 6 12
79 88 13 5 5 10
81 91 29 6 6 12
82 147 24 1 1 2
83 161 25 5 5 10
83 168 27 6 6 12
87 173 8 6 6 12
88 197 20 6 6 12
89 103 11 2 2 4
90 168 6 1 1 2
91 157 8 6 6 12
92 162 10 2 2 4
93 137 21 4 4 8
96 140 8 1 1 2
97 175 17 4 4 8
98 134 19 1 1 2
99 111 30 5 5 10
100 113 5 3 3 6
101 167 27 2 2 4
102 153 19 4 4 8
103 180 13 6 6 12
103 163 15 3 3 6
104 157 22 5 5 10
105 193 10 2 2 4
106 122 19 6 6 12
107 162 6 5 5 10
108 152 17 4 4 8
108 167 22 6 6 12
108 153 26 1 1 2
111 121 22 1 1 2
112 167 11 4 4 8
113 125 12 6 6 12
114 172 16 1 1 2
115 197 20 3 3 6
117 152 24 5 5 10
118 158 5 1 1 2
119 137 11 6 6 12
120 135 26 2 2 4
120 133 28 5 5 10
121 195 19 3 3 6
121 167 25 6 6 12
122 128 15 5 5 10
123 178 25 6 6 12
124 126 27 3 3 6
125 155 27 2 2 4
126 189 29 4 4 8
127 167 12 1 1 2
128 182 7 5 5 10
129 151 25 3 3 6
130 177 20 2 2 4
130 179 29 3 3 6
131 175 26 5 5 10
132 189 11 2 2 4
133 163 23 4 4 8
134 199 25 6 6 12
136 180 8 4 4 8
138 148 16 6 6 12
139 190 9 1 1 2
139 178 16 6 6 12
140 200 19 4 4 8
141 183 6 4 4 8
142 167 29 6 6 12
143 186 13 3 3 6
145 186 19 4 4 8
146 157 28 3 3 6
146 152 9 2 2 4
147 155 23 3 3 6
148 163 17 6 6 12
149 188 25 3 3 6
150 158 15 5 5 10
151 199 7 2 2 4
152 164 7 3 3 6
153 177 17 1 1 2
153 160 19 3 3 6
154 175 13 5 5 10
155 199 28 6 6 12
156 181 16 5 5 10
157 164 9 2 2 4
158 163 25 5 5 10
158 193 8 5 5 10
159 192 23 6 6 12
160 187 9 5 5 10
161 194 10 3 3 6
162 198 10 4 4 8
162 174 28 1 1 2
163 182 15 6 6 12
165 181 5 6 6 12
166 170 20 4 4 8
166 176 16 3 3 6
167 174 17 3 3 6
168 176 12 2 2 4
168 192 26 5 5 10
169 182 10 3 3 6
171 197 22 6 6 12
172 187 9 4 4 8
173 178 23 1 1 2
174 177 21 5 5 10
174 197 23 6 6 12
175 195 18 2 2 4
175 179 19 4 4 8
176 197 28 5 5 10
177 185 29 2 2 4
177 195 13 3 3 6
178 183 23 3 3 6
180 185 16 1 1 2
181 190 21 6 6 12
182 186 20 6 6 12
182 190 10 4 4 8
183 185 7 5 5 10
183 192 26 5 5 10
183 194 7 4 4 8
184 195 24 6 6 12
185 200 18 4 4 8
186 198 20 5 5 10
187 192 24 2 2 4
189 193 27 3 3 6
190 193 20 6 6 12
191 196 15 5 5 10
191 199 22 6 6 12
192 195 22 4 4 8
193 197 14 4 4 8
194 198 22 1 1 2
194 198 14 2 2 4
195 197 10 4 4 8
198 199 17 5 5 10
132 148 29 0 0 0
86 200 27 0 0 0
98 200 20 0 0 0
18 24 11 0 0 0
64 136 26 0 0 0
100 171 17 0 0 0
135 143 18 0 0 0
109 158 13 0 0 0
31 42 22 0 0 0
2 98 21 0 0 0
53 120 14 0 0 0
170 174 27 0 0 0
199 200 24 0 0 0
27 70 30 0 0 0
95 187 13 0 0 0
64 95 24 0 0 0
113 167 28 0 0 0
69 73 26 0 0 0
94 169 21 0 0 0
20 152 21 0 0 0
41 43 14 0 0 0
155 169 23 0 0 0
71 147 11 0 0 0
85 95 16 0 0 0
110 191 19 0 0 0
149 189 30 0 0 0
67 133 11 0 0 0
196 200 22 0 0 0
144 198 29 0 0 0
137 166 25 0 0 0
80 113 26 0 0 0
47 133 5 0 0 0
41 160 8 0 0 0
47 95 6 0 0 0
157 167 29 0 0 0
59 154 22 0 0 0
50 195 27 0 0 0
58 115 11 0 0 0
117 156 7 0 0 0
70 190 13 0 0 0
133 176 12 0 0 0
116 181 8 0 0 0
76 125 18 0 0 0
74 78 18 0 0 0
179 185 26 0 0 0
197 200 19 0 0 0
84 170 6 0 0 0
164 196 27 0 0 0
160 173 6 0 0 0
188 189 20 0 0 0