250 300 220
80 240
200 139 213 102 117 141 59
1 223 13 6 18
1 210 19 4 12
3 78 15 1 3
4 222 15 2 6
5 182 19 1 3
5 116 22 3 9
6 216 10 2 6
7 91 9 1 3
8 153 7 6 18
9 174 14 4 12
10 131 29 5 15
11 210 8 3 9
12 51 30 2 6
13 119 11 3 9
14 44 23 6 18
15 116 26 3 9
16 29 7 3 9
17 247 5 3 9
18 38 13 1 3
20 69 11 3 9
21 33 8 1 3
23 66 6 6 18
23 171 23 6 18
25 102 5 2 6
25 67 10 5 15
26 201 9 2 6
27 65 15 3 9
28 68 19 5 15
29 88 24 4 12
30 121 14 3 9
31 202 8 1 3
32 96 12 4 12
33 204 16 6 18
34 93 28 4 12
36 107 9 3 9
37 67 27 1 3
37 214 5 2 6
38 163 19 4 12
38 247 17 6 18
39 136 23 5 15
40 80 7 4 12
42 67 8 4 12
43 84 19 2 6
44 137 16 2 6
46 197 17 6 18
47 242 10 4 12
47 153 12 5 15
48 227 29 1 3
49 201 7 1 3
50 92 29 6 18
51 215 21 2 6
52 157 9 5 15
53 142 22 6 18
54 186 12 2 6
54 77 17 6 18
57 136 23 2 6
59 152 19 6 18
60 111 14 4 12
61 222 17 2 6
62 192 27 2 6
63 144 21 1 3
64 230 28 2 6
65 86 20 4 12
66 241 16 3 9
67 177 10 1 3
68 180 13 1 3
70 158 10 4 12
71 237 10 3 9
72 128 9 1 3
72 224 5 1 3
73 243 15 2 6
75 225 7 4 12
76 225 30 1 3
77 154 7 5 15
78 89 17 5 15
79 109 26 1 3
80 131 10 6 18
81 241 6 2 6
82 170 22 2 6
83 101 21 6 18
85 202 21 4 12
86 183 30 6 18
87 147 26 5 15
88 104 17 1 3
89 205 25 6 18
90 135 13 6 18
91 240 23 6 18
92 239 17 1 3
93 172 22 4 12
94 157 15 5 15
95 105 13 1 3
97 196 9 6 18
99 178 16 2 6
99 143 22 2 6
100 166 26 6 18
101 129 26 5 15
102 158 26 6 18
103 236 5 2 6
104 157 22 4 12
106 170 7 2 6
106 126 11 2 6
107 155 25 2 6
108 243 22 1 3
108 136 21 5 15
112 180 14 3 9
114 250 17 6 18
115 243 19 5 15
117 119 8 2 6
117 239 11 6 18
118 236 27 5 15
120 180 12 1 3
120 138 30 3 9
121 188 5 1 3
123 138 22 3 9
124 225 25 5 15
125 148 18 4 12
127 187 29 1 3
129 209 24 3 9
130 149 17 3 9
131 148 24 1 3
131 245 10 6 18
131 217 21 6 18
132 207 23 2 6
133 190 24 4 12
134 157 25 5 15
136 210 5 2 6
139 199 26 2 6
140 215 15 1 3
141 184 19 1 3
143 155 29 1 3
143 210 9 2 6
143 195 20 2 6
144 173 19 5 15
146 195 15 3 9
147 174 29 1 3
147 245 14 5 15
149 218 29 3 9
150 151 27 1 3
151 167 15 3 9
152 169 9 2 6
153 200 18 6 18
154 175 8 4 12
155 206 8 5 15
156 190 26 3 9
157 188 7 3 9
158 242 6 2 6
159 210 24 3 9
160 249 25 1 3
160 205 10 4 12
161 195 25 3 9
162 216 7 6 18
163 193 12 6 18
164 184 12 3 9
165 246 8 4 12
166 213 23 5 15
169 238 20 2 6
170 226 21 5 15
172 181 21 6 18
173 194 16 5 15
174 246 14 5 15
176 210 12 3 9
176 205 9 6 18
177 215 25 6 18
178 238 24 1 3
180 185 24 2 6
182 191 15 6 18
183 213 26 6 18
185 191 21 5 15
186 192 12 5 15
187 229 10 3 9
188 249 15 1 3
189 250 14 6 18
190 232 17 2 6
191 213 9 4 12
192 200 13 1 3
194 220 17 5 15
196 250 10 6 18
197 217 22 2 6
198 218 27 4 12
199 215 19 4 12
200 209 27 6 18
201 242 25 4 12
202 221 27 4 12
203 206 14 3 9
206 211 27 3 9
207 238 24 6 18
208 231 27 6 18
209 250 11 1 3
211 237 10 1 3
212 235 26 2 6
213 216 27 5 15
214 230 11 3 9
215 246 14 4 12
217 242 25 3 9
217 226 25 6 18
218 239 23 3 9
219 241 7 3 9
220 241 18 6 18
220 232 7 1 3
221 224 14 2 6
222 236 22 5 15
224 235 19 6 18
225 229 5 3 9
227 250 6 6 18
229 246 17 1 3
230 238 21 6 18
231 249 25 2 6
232 235 15 3 9
235 250 26 6 18
236 250 16 1 3
237 244 15 6 18
238 240 6 1 3
239 248 23 6 18
243 246 10 6 18
243 250 15 4 12
243 245 25 4 12
244 248 25 2 6
245 248 8 2 6
247 248 27 4 12
249 250 18 4 12
24 83 10 0 0
52 199 29 0 0
118 250 25 0 0
113 146 16 0 0
162 165 5 0 0
231 244 26 0 0
167 227 29 0 0
116 140 22 0 0
110 203 28 0 0
195 200 18 0 0
119 184 24 0 0
185 195 15 0 0
223 234 11 0 0
175 180 15 0 0
145 154 8 0 0
222 232 14 0 0
220 248 6 0 0
84 202 26 0 0
184 246 27 0 0
203 230 18 0 0
28 108 19 0 0
22 212 8 0 0
123 129 18 0 0
140 207 8 0 0
246 249 6 0 0
226 227 15 0 0
97 230 28 0 0
177 233 18 0 0
142 225 6 0 0
98 167 12 0 0
122 228 25 0 0
41 234 25 0 0
96 104 5 0 0
203 245 10 0 0
45 124 6 0 0
74 250 24 0 0
19 75 16 0 0
241 250 14 0 0
242 248 27 0 0
55 150 7 0 0
109 201 18 0 0
113 203 21 0 0
169 236 28 0 0
199 219 25 0 0
2 129 30 0 0
204 220 25 0 0
105 125 19 0 0
112 208 11 0 0
126 237 22 0 0
58 64 30 0 0
59 87 7 0 0
111 148 27 0 0
56 237 17 0 0
240 243 9 0 0
84 130 13 0 0
35 51 21 0 0
185 222 18 0 0
171 194 18 0 0
228 240 20 0 0
69 92 5 0 0
221 222 14 0 0
137 244 26 0 0
193 249 14 0 0
181 244 21 0 0
233 246 8 0 0
161 215 22 0 0
135 190 7 0 0
179 208 20 0 0
205 248 20 0 0
234 239 10 0 0
216 248 16 0 0
130 216 16 0 0
168 199 8 0 0
148 241 28 0 0
182 206 26 0 0
210 245 11 0 0
248 250 7 0 0
155 195 26 0 0
128 219 23 0 0
138 144 23 0 0