100 150 120
360
59 31 98 1
1 63 21 24
1 53 26 8
2 89 29 16
2 41 26 16
3 91 10 20
4 10 5 20
5 82 21 4
7 80 7 12
8 30 10 8
9 62 20 12
10 65 30 4
11 62 23 24
11 14 21 24
11 65 6 16
13 42 8 4
14 16 7 20
15 95 20 4
15 22 8 4
16 94 9 24
16 75 25 12
17 95 15 24
17 86 5 20
18 70 30 8
19 65 10 4
19 27 10 8
19 79 7 4
20 90 12 8
22 84 20 24
22 23 24 12
22 82 25 8
24 53 6 12
24 81 19 24
25 26 10 8
26 36 6 12
27 38 25 20
28 82 15 8
28 45 6 8
30 90 19 20
31 80 5 4
32 60 28 12
33 76 8 20
34 78 23 12
35 77 19 4
35 83 15 24
36 91 18 16
37 59 14 12
38 53 6 8
38 83 14 16
39 83 28 4
40 65 23 16
41 86 13 4
42 84 22 12
43 44 19 12
43 58 11 4
44 47 5 16
46 66 27 12
47 49 8 4
48 79 30 24
48 58 15 8
48 51 30 12
49 84 5 20
49 94 6 20
50 63 29 20
50 58 26 20
51 55 19 16
52 90 27 12
53 86 30 12
54 100 26 4
55 74 10 20
55 59 20 24
56 69 11 4
58 71 15 8
59 69 11 4
59 81 11 20
60 65 7 16
61 95 13 20
61 99 25 12
61 91 10 8
63 65 21 24
64 71 18 16
65 69 13 12
65 75 30 4
66 67 15 16
67 87 13 16
69 71 6 20
70 83 7 16
71 78 10 20
72 91 5 8
73 86 8 8
73 83 5 8
73 83 25 16
74 98 9 8
75 100 23 16
76 84 16 24
77 96 28 12
77 82 25 16
77 83 10 20
78 99 27 20
79 93 12 16
80 96 21 24
81 86 23 8
81 85 5 24
81 88 6 12
82 93 15 24
83 84 24 16
84 98 10 12
85 86 5 20
86 99 20 16
87 92 18 24
89 98 5 8
90 94 27 8
91 92 7 20
93 98 26 20
94 100 29 12
95 100 21 24
96 98 5 16
97 100 24 12
98 100 29 8
98 99 27 8
99 100 28 16
78 86 11 0
88 99 27 0
60 80 23 0
57 76 6 0
62 83 17 0
20 64 7 0
98 100 25 0
3 97 17 0
7 99 25 0
9 29 30 0
46 76 8 0
29 46 10 0
52 62 7 0
2 34 19 0
78 85 24 0
34 92 17 0
45 71 11 0
17 85 27 0
23 97 18 0
86 99 11 0
97 99 7 0
12 20 12 0
77 94 17 0
68 73 21 0
21 99 6 0
35 38 13 0
6 46 6 0
60 88 29 0
92 93 10 0
77 99 30 0