200 250 200
200
105 153 65 161 131 24
2 164 18 4
2 66 10 4
2 85 24 24
5 151 7 24
5 160 16 8
6 187 26 16
7 73 14 12
9 21 29 4
13 157 24 24
14 56 23 24
15 54 22 4
15 123 29 4
18 107 14 20
19 133 15 8
20 125 18 4
21 74 30 12
22 77 9 4
23 38 23 20
24 145 20 4
25 166 9 8
25 46 22 24
26 59 11 12
27 172 29 4
28 29 21 12
29 158 5 24
30 34 19 4
31 141 27 20
32 98 26 12
35 84 26 24
36 188 28 4
37 78 20 12
38 140 6 8
39 184 25 16
40 117 8 4
40 157 9 8
41 107 15 16
42 129 6 4
43 126 20 16
44 161 13 24
44 171 7 12
46 152 20 16
47 66 21 8
48 68 29 20
49 124 9 24
49 175 17 8
50 96 19 24
50 134 15 24
51 66 15 20
51 180 10 20
52 113 16 24
54 155 27 8
56 113 15 12
57 113 15 8
59 195 19 24
59 128 8 16
60 165 21 24
61 86 24 12
61 163 22 12
62 200 10 16
63 119 10 20
64 191 27 24
65 98 9 20
65 170 9 8
66 88 18 24
67 145 10 12
68 95 5 8
69 144 6 20
69 112 20 16
70 156 13 24
70 108 21 16
72 121 8 24
73 126 20 8
74 90 20 16
75 135 22 24
75 108 25 24
76 157 26 12
77 139 10 12
79 153 29 4
80 94 28 8
81 138 29 20
82 193 28 12
83 129 5 12
85 185 25 20
86 183 22 12
87 141 30 4
88 147 14 8
88 97 20 24
89 119 30 12
90 164 24 8
91 144 11 4
92 170 12 24
93 143 20 4
93 114 5 16
94 151 25 24
95 196 18 8
96 127 25 4
96 141 12 24
97 114 10 24
98 111 19 24
98 119 9 24
99 196 14 24
100 128 13 8
101 153 5 4
103 143 20 4
104 176 6 12
106 145 25 24
106 198 16 16
107 165 9 12
108 173 17 12
111 121 5 12
112 168 22 4
112 115 27 4
113 185 22 24
114 163 17 4
115 122 11 8
116 175 25 12
117 147 30 12
119 177 16 4
120 199 24 8
121 187 24 8
122 132 6 12
123 139 16 16
123 152 26 8
126 160 27 8
128 174 13 12
130 137 10 8
131 151 29 4
132 133 27 24
133 168 13 12
135 173 20 8
136 143 19 4
137 147 10 20
137 197 21 8
137 153 23 8
137 162 23 20
138 160 9 24
140 153 29 24
141 145 17 12
142 153 17 8
143 162 23 16
143 193 13 24
144 150 12 16
145 181 30 24
146 168 28 4
147 158 7 16
147 191 24 20
148 185 28 12
149 171 16 16
150 160 8 4
151 177 18 12
152 173 23 20
155 175 15 16
155 173 6 16
155 197 28 24
157 199 12 24
158 183 9 16
158 177 10 20
159 191 10 4
160 199 12 12
161 166 23 8
162 187 24 4
163 168 26 16
165 170 28 12
167 196 28 12
168 186 12 24
169 189 21 20
170 199 29 12
171 178 15 8
172 187 9 24
173 177 17 16
175 176 21 12
176 197 8 4
176 186 28 24
177 196 14 4
178 193 16 4
179 199 6 8
180 200 21 8
180 199 15 12
181 184 25 4
182 191 16 8
183 200 27 16
183 193 22 12
184 198 30 16
185 190 30 20
186 195 22 20
188 190 14 24
188 199 18 8
189 195 12 20
190 192 28 16
191 200 26 16
192 199 5 16
193 198 5 4
194 200 28 16
195 198 10 16
195 200 19 24
195 197 25 8
196 199 23 12
197 198 15 16
198 200 19 8
199 200 24 20
149 175 30 0
53 95 25 0
118 129 5 0
99 197 18 0
158 164 10 0
33 60 22 0
5 35 9 0
150 181 5 0
10 48 19 0
45 72 7 0
160 176 16 0
180 200 17 0
153 183 23 0
125 127 26 0
127 150 15 0
102 187 5 0
43 124 11 0
187 196 10 0
84 120 14 0
78 84 7 0
71 129 15 0
34 178 28 0
4 136 21 0
124 128 12 0
156 171 30 0
171 199 8 0
139 149 14 0
164 175 6 0
166 183 17 0
17 148 11 0
16 148 28 0
1 99 5 0
166 176 30 0
55 198 7 0
105 133 23 0
110 174 5 0
8 66 11 0
58 118 29 0
11 130 12 0
181 188 21 0
154 178 25 0
129 199 23 0
69 144 7 0
98 100 22 0
145 192 28 0
109 111 27 0
12 48 10 0
3 189 30 0
134 142 8 0
174 193 22 0