200 250 200
80 240
105 164 69 139 196 97
1 107 29 6 18
3 131 18 2 6
4 148 26 4 12
5 94 15 2 6
5 105 28 1 3
6 114 28 4 12
7 90 26 4 12
8 69 26 6 18
8 11 14 4 12
9 161 9 2 6
10 152 22 6 18
11 139 12 3 9
12 194 7 3 9
13 81 5 3 9
14 141 17 6 18
15 144 6 6 18
16 58 20 2 6
17 107 28 4 12
18 90 25 2 6
19 106 17 2 6
21 91 14 5 15
22 195 30 5 15
23 76 8 4 12
24 117 26 2 6
25 83 25 3 9
26 46 14 4 12
28 81 9 6 18
28 31 12 2 6
29 55 24 2 6
30 55 19 6 18
32 48 18 4 12
33 139 29 4 12
34 98 30 6 18
35 113 29 3 9
36 159 11 2 6
37 43 18 5 15
38 42 20 6 18
38 184 13 2 6
39 162 23 3 9
40 63 15 5 15
42 46 10 4 12
43 190 17 4 12
44 123 18 5 15
44 126 21 4 12
45 46 30 6 18
46 51 16 4 12
46 178 26 1 3
48 163 10 2 6
49 95 11 4 12
51 148 11 1 3
51 176 30 2 6
52 164 17 4 12
52 167 13 1 3
53 165 9 6 18
54 164 22 4 12
55 65 27 1 3
56 180 10 4 12
56 108 9 4 12
57 116 13 6 18
58 189 27 2 6
59 169 17 6 18
60 106 9 1 3
61 133 17 2 6
62 96 21 3 9
63 158 17 6 18
65 123 30 2 6
66 190 17 1 3
68 91 9 1 3
71 103 7 2 6
72 160 7 3 9
73 106 11 4 12
74 164 12 6 18
75 106 23 3 9
77 156 22 1 3
77 103 5 1 3
78 95 25 6 18
79 88 13 5 15
81 91 29 6 18
82 147 24 1 3
83 161 25 5 15
83 168 27 6 18
87 173 8 6 18
88 197 20 6 18
89 103 11 2 6
90 168 6 1 3
91 157 8 6 18
92 162 10 2 6
93 137 21 4 12
96 140 8 1 3
97 175 17 4 12
98 134 19 1 3
99 111 30 5 15
100 113 5 3 9
101 167 27 2 6
102 153 19 4 12
103 180 13 6 18
103 163 15 3 9
104 157 22 5 15
105 193 10 2 6
106 122 19 6 18
107 162 6 5 15
108 152 17 4 12
108 167 22 6 18
108 153 26 1 3
111 121 22 1 3
112 167 11 4 12
113 125 12 6 18
114 172 16 1 3
115 197 20 3 9
117 152 24 5 15
118 158 5 1 3
119 137 11 6 18
120 135 26 2 6
120 133 28 5 15
121 195 19 3 9
121 167 25 6 18
122 128 15 5 15
123 178 25 6 18
124 126 27 3 9
125 155 27 2 6
126 189 29 4 12
127 167 12 1 3
128 182 7 5 15
129 151 25 3 9
130 177 20 2 6
130 179 29 3 9
131 175 26 5 15
132 189 11 2 6
133 163 23 4 12
134 199 25 6 18
136 180 8 4 12
138 148 16 6 18
139 190 9 1 3
139 178 16 6 18
140 200 19 4 12
141 183 6 4 12
142 167 29 6 18
143 186 13 3 9
145 186 19 4 12
146 157 28 3 9
146 152 9 2 6
147 155 23 3 9
148 163 17 6 18
149 188 25 3 9
150 158 15 5 15
151 199 7 2 6
152 164 7 3 9
153 177 17 1 3
153 160 19 3 9
154 175 13 5 15
155 199 28 6 18
156 181 16 5 15
157 164 9 2 6
158 163 25 5 15
158 193 8 5 15
159 192 23 6 18
160 187 9 5 15
161 194 10 3 9
162 198 10 4 12
162 174 28 1 3
163 182 15 6 18
165 181 5 6 18
166 170 20 4 12
166 176 16 3 9
167 174 17 3 9
168 176 12 2 6
168 192 26 5 15
169 182 10 3 9
171 197 22 6 18
172 187 9 4 12
173 178 23 1 3
174 177 21 5 15
174 197 23 6 18
175 195 18 2 6
175 179 19 4 12
176 197 28 5 15
177 185 29 2 6
177 195 13 3 9
178 183 23 3 9
180 185 16 1 3
181 190 21 6 18
182 186 20 6 18
182 190 10 4 12
183 185 7 5 15
183 192 26 5 15
183 194 7 4 12
184 195 24 6 18
185 200 18 4 12
186 198 20 5 15
187 192 24 2 6
189 193 27 3 9
190 193 20 6 18
191 196 15 5 15
191 199 22 6 18
192 195 22 4 12
193 197 14 4 12
194 198 22 1 3
194 198 14 2 6
195 197 10 4 12
198 199 17 5 15
132 148 29 0 0
86 200 27 0 0
98 200 20 0 0
18 24 11 0 0
64 136 26 0 0
100 171 17 0 0
135 143 18 0 0
109 158 13 0 0
31 42 22 0 0
2 98 21 0 0
53 120 14 0 0
170 174 27 0 0
199 200 24 0 0
27 70 30 0 0
95 187 13 0 0
64 95 24 0 0
113 167 28 0 0
69 73 26 0 0
94 169 21 0 0
20 152 21 0 0
41 43 14 0 0
155 169 23 0 0
71 147 11 0 0
85 95 16 0 0
110 191 19 0 0
149 189 30 0 0
67 133 11 0 0
196 200 22 0 0
144 198 29 0 0
137 166 25 0 0
80 113 26 0 0
47 133 5 0 0
41 160 8 0 0
47 95 6 0 0
157 167 29 0 0
59 154 22 0 0
50 195 27 0 0
58 115 11 0 0
117 156 7 0 0
70 190 13 0 0
133 176 12 0 0
116 181 8 0 0
76 125 18 0 0
74 78 18 0 0
179 185 26 0 0
197 200 19 0 0
84 170 6 0 0
164 196 27 0 0
160 173 6 0 0
188 189 20 0 0