200 250 200
70 210
63 181 125 85 24 58
1 187 28 5 15
4 89 29 2 6
5 67 14 5 15
6 158 13 2 6
6 19 15 4 12
7 103 26 4 12
8 42 5 6 18
10 127 15 1 3
11 139 14 4 12
12 110 14 6 18
13 84 22 3 9
14 103 18 6 18
15 22 25 2 6
16 156 8 6 18
17 117 28 6 18
18 121 23 5 15
18 185 16 3 9
19 106 15 6 18
20 36 23 3 9
21 40 18 4 12
22 129 5 1 3
22 200 19 2 6
24 195 14 5 15
25 70 16 3 9
26 110 17 5 15
27 163 25 4 12
28 98 27 1 3
29 40 14 1 3
31 185 27 4 12
32 176 20 3 9
33 163 30 2 6
37 147 29 1 3
38 126 12 1 3
39 45 22 2 6
40 103 6 2 6
41 120 19 6 18
42 166 22 1 3
43 150 26 4 12
44 114 15 1 3
45 170 22 4 12
45 87 12 4 12
46 112 29 1 3
47 52 11 3 9
48 131 8 6 18
48 171 29 3 9
50 157 7 1 3
52 142 7 3 9
53 152 20 1 3
53 174 20 2 6
55 113 13 3 9
56 110 15 2 6
58 84 6 6 18
58 111 17 3 9
59 153 29 1 3
59 64 15 2 6
59 118 9 4 12
61 144 30 6 18
62 85 30 4 12
63 135 12 3 9
64 173 19 6 18
65 126 12 4 12
65 91 27 3 9
67 135 6 6 18
68 135 7 1 3
69 153 12 2 6
70 73 13 1 3
72 172 24 2 6
73 97 26 1 3
73 135 5 6 18
74 154 12 3 9
76 125 13 4 12
77 83 8 6 18
77 170 24 6 18
78 152 7 4 12
79 138 22 3 9
80 192 9 2 6
81 195 22 6 18
82 158 27 4 12
82 102 24 2 6
85 181 24 6 18
86 172 21 4 12
86 180 7 3 9
87 113 16 3 9
88 104 25 1 3
89 112 24 4 12
90 134 17 2 6
91 189 6 3 9
92 118 15 6 18
93 174 18 4 12
95 188 7 4 12
96 184 20 2 6
97 157 22 1 3
98 156 6 5 15
99 119 5 3 9
99 160 16 6 18
100 169 28 2 6
101 104 25 4 12
102 111 19 6 18
103 173 10 5 15
105 107 20 1 3
106 184 26 5 15
106 196 20 5 15
107 135 15 4 12
108 135 22 2 6
109 168 14 3 9
110 112 6 1 3
111 152 5 1 3
112 147 20 2 6
114 126 5 4 12
115 124 28 4 12
116 161 26 4 12
116 174 28 5 15
117 156 21 4 12
118 149 15 5 15
118 125 16 1 3
119 147 28 5 15
121 171 22 2 6
122 127 13 6 18
123 177 18 4 12
124 164 19 6 18
125 131 14 4 12
126 155 6 3 9
127 154 25 1 3
128 162 16 2 6
129 168 27 4 12
130 168 14 5 15
131 163 19 1 3
131 177 18 5 15
132 158 13 3 9
133 137 30 1 3
136 152 14 4 12
136 186 7 5 15
137 145 9 6 18
138 141 5 3 9
139 188 27 1 3
141 153 27 1 3
142 154 12 3 9
142 145 17 2 6
144 161 26 2 6
145 178 15 3 9
146 198 8 2 6
147 197 28 2 6
148 150 25 5 15
149 175 14 1 3
150 183 20 2 6
151 193 25 6 18
151 177 26 5 15
152 180 8 3 9
152 165 6 3 9
152 154 8 2 6
153 173 25 2 6
154 164 8 4 12
155 200 16 3 9
156 195 24 5 15
157 162 24 5 15
158 185 23 3 9
159 162 7 1 3
160 186 6 3 9
161 178 7 4 12
164 191 27 6 18
165 183 30 3 9
166 194 21 5 15
167 191 24 3 9
167 187 21 1 3
168 186 8 6 18
169 185 11 3 9
170 194 30 6 18
171 191 9 5 15
172 184 28 2 6
173 199 23 4 12
173 183 7 2 6
174 197 13 2 6
175 191 29 5 15
176 193 18 4 12
176 184 11 4 12
177 179 7 6 18
178 180 29 5 15
179 190 27 6 18
180 198 17 3 9
180 192 28 3 9
181 183 20 5 15
181 200 7 3 9
182 199 9 5 15
183 187 21 1 3
184 195 13 1 3
185 186 6 2 6
186 187 30 1 3
187 188 18 1 3
188 192 10 3 9
190 196 8 2 6
191 196 30 4 12
192 199 15 2 6
193 196 13 5 15
195 198 8 3 9
195 196 20 5 15
195 197 16 6 18
197 200 19 2 6
197 200 23 2 6
198 200 19 5 15
199 200 14 3 9
9 105 18 0 0
30 98 19 0 0
3 43 23 0 0
4 125 20 0 0
120 178 15 0 0
84 112 24 0 0
163 171 18 0 0
49 142 17 0 0
23 124 17 0 0
162 185 18 0 0
43 58 22 0 0
27 192 15 0 0
36 85 29 0 0
2 156 7 0 0
60 197 6 0 0
194 195 29 0 0
34 140 14 0 0
189 194 28 0 0
66 198 11 0 0
125 158 16 0 0
140 153 28 0 0
135 144 29 0 0
191 198 22 0 0
8 58 5 0 0
106 156 7 0 0
161 169 16 0 0
196 199 21 0 0
75 127 12 0 0
113 145 11 0 0
54 95 27 0 0
83 166 9 0 0
51 94 17 0 0
35 193 16 0 0
60 164 26 0 0
61 118 14 0 0
94 96 23 0 0
57 180 14 0 0
158 160 25 0 0
25 33 21 0 0
98 101 17 0 0
143 187 24 0 0
97 124 12 0 0
154 181 30 0 0
104 190 20 0 0
146 149 9 0 0
38 179 14 0 0
71 93 29 0 0
134 180 10 0 0
75 135 8 0 0
124 126 14 0 0