150 200 160
200
118 104 100 99 60
1 70 21 4
2 9 14 24
3 77 8 16
4 8 13 4
5 28 10 8
6 94 10 4
7 141 10 12
7 45 28 12
7 86 24 20
8 117 30 20
9 48 18 16
9 47 6 12
10 104 7 4
10 83 14 16
11 62 14 12
12 54 20 12
12 38 19 4
13 47 27 24
13 35 25 16
14 138 14 20
14 98 20 24
15 104 21 4
16 30 14 8
17 147 22 20
18 30 8 20
18 85 13 24
20 98 19 4
21 93 9 8
24 129 21 16
26 44 19 12
28 122 11 24
28 106 20 20
29 150 13 16
29 123 5 24
30 62 15 16
30 135 21 12
30 88 26 16
31 67 23 16
32 150 17 20
33 83 27 20
34 133 25 24
35 82 20 16
35 81 6 12
35 59 29 16
36 60 22 20
37 68 29 16
38 74 14 12
39 56 28 16
39 149 11 12
41 72 23 12
42 150 18 12
43 54 14 20
44 89 12 24
45 50 30 16
46 59 27 24
47 57 12 20
48 60 9 12
49 103 7 12
53 102 15 12
53 96 24 24
54 118 28 20
55 134 26 4
56 142 6 12
57 104 21 20
58 77 23 12
58 148 11 12
58 88 5 24
59 96 8 4
60 75 17 24
61 62 29 8
62 71 17 4
62 141 19 24
63 79 10 24
63 80 12 4
63 70 17 12
64 80 19 20
65 102 29 12
66 105 29 20
66 118 27 16
67 132 8 20
68 74 7 4
68 117 15 20
69 74 16 4
71 109 9 12
73 116 15 12
74 100 8 12
75 130 26 8
75 140 19 20
75 90 19 4
76 92 19 20
77 133 15 8
78 140 27 16
79 143 26 8
82 149 29 20
82 146 29 4
83 114 22 20
84 146 10 8
84 86 7 20
86 150 14 8
87 149 15 24
88 143 22 24
89 146 9 20
90 132 20 12
91 121 8 12
92 126 21 4
93 95 18 16
94 138 20 12
94 143 12 4
96 132 10 24
97 137 5 8
100 134 13 4
101 150 17 20
103 128 8 16
104 115 16 24
106 120 20 24
107 134 16 4
107 121 12 16
108 110 30 24
109 139 9 12
110 127 19 20
112 114 24 8
112 124 28 16
113 145 12 12
114 129 27 24
115 121 14 4
116 123 30 20
117 124 8 12
118 125 21 8
119 145 28 8
119 144 14 16
120 147 27 4
122 135 28 8
122 140 26 8
123 148 20 20
124 146 15 20
125 132 16 20
128 132 12 12
129 148 25 16
129 140 8 20
130 144 12 24
131 150 19 20
132 144 14 16
133 144 30 24
134 140 27 4
135 147 16 4
136 147 21 20
137 147 24 16
138 143 7 4
138 141 14 24
139 146 14 4
141 144 18 4
142 150 19 16
143 148 28 8
143 148 29 4
144 146 5 24
145 150 24 16
146 149 24 24
147 148 16 12
147 150 30 20
149 150 13 8
121 144 7 0
40 102 17 0
77 94 28 0
148 150 30 0
99 141 17 0
64 90 7 0
1 36 17 0
52 53 8 0
95 114 18 0
70 126 20 0
9 126 13 0
25 102 28 0
68 147 26 0
22 112 6 0
141 148 8 0
72 142 20 0
102 105 12 0
23 96 22 0
80 148 18 0
100 150 23 0
12 36 11 0
58 128 27 0
85 116 20 0
65 100 17 0
41 71 19 0
50 77 28 0
27 89 6 0
98 116 29 0
117 136 18 0
19 110 20 0
51 95 18 0
34 45 22 0
111 148 5 0
33 106 29 0
149 150 28 0
127 129 14 0
140 149 19 0
126 144 24 0
105 130 14 0
81 105 22 0