250 300 220
60 60 120
146 148 207 118 37 54 22
1 186 19 6 6 12
3 167 26 2 2 4
3 147 11 6 6 12
4 242 7 6 6 12
5 125 19 4 4 8
7 40 19 5 5 10
8 204 29 3 3 6
9 60 10 1 1 2
9 154 5 3 3 6
11 203 29 6 6 12
12 43 25 3 3 6
12 212 11 5 5 10
13 219 28 3 3 6
14 56 25 2 2 4
15 172 10 5 5 10
16 205 24 3 3 6
18 98 28 6 6 12
19 153 17 6 6 12
20 142 11 4 4 8
21 35 27 1 1 2
22 53 16 6 6 12
24 246 24 1 1 2
25 103 5 5 5 10
26 241 24 4 4 8
27 205 30 4 4 8
28 245 7 3 3 6
29 162 6 1 1 2
29 214 9 6 6 12
30 68 14 5 5 10
31 84 11 6 6 12
32 205 12 6 6 12
33 143 21 1 1 2
33 185 30 3 3 6
34 235 10 2 2 4
35 106 11 5 5 10
37 133 19 3 3 6
38 245 16 1 1 2
40 222 21 1 1 2
40 194 23 5 5 10
41 157 20 5 5 10
42 237 15 2 2 4
45 77 10 6 6 12
46 80 28 6 6 12
47 204 26 3 3 6
48 146 29 1 1 2
50 97 5 6 6 12
51 121 17 2 2 4
51 67 19 4 4 8
52 235 27 6 6 12
53 204 23 6 6 12
54 207 6 5 5 10
55 108 19 6 6 12
56 103 18 2 2 4
57 87 20 4 4 8
58 162 23 3 3 6
59 137 7 1 1 2
60 98 8 1 1 2
61 123 29 4 4 8
62 72 21 5 5 10
63 106 21 1 1 2
63 139 25 5 5 10
64 77 11 3 3 6
66 200 15 6 6 12
67 179 7 3 3 6
68 91 8 5 5 10
69 232 22 4 4 8
69 155 8 3 3 6
70 215 11 3 3 6
71 202 17 1 1 2
73 79 16 5 5 10
74 222 21 6 6 12
75 230 18 1 1 2
77 208 29 1 1 2
78 235 10 2 2 4
79 194 17 5 5 10
80 219 9 6 6 12
83 108 11 2 2 4
84 135 20 3 3 6
85 89 27 2 2 4
86 95 24 1 1 2
86 141 15 1 1 2
87 199 13 3 3 6
88 154 15 2 2 4
89 206 18 1 1 2
91 117 26 1 1 2
92 115 16 3 3 6
93 103 14 1 1 2
95 104 11 1 1 2
96 198 26 6 6 12
97 192 21 5 5 10
99 167 27 4 4 8
100 156 20 6 6 12
101 124 7 3 3 6
102 181 29 2 2 4
102 199 11 5 5 10
105 232 9 3 3 6
106 232 26 5 5 10
108 232 15 2 2 4
109 117 20 4 4 8
110 235 19 5 5 10
111 216 12 2 2 4
112 196 19 6 6 12
113 213 13 5 5 10
114 141 23 2 2 4
115 219 11 4 4 8
116 142 15 3 3 6
117 197 30 1 1 2
117 232 18 4 4 8
119 230 11 1 1 2
120 205 12 2 2 4
121 128 27 5 5 10
121 234 26 2 2 4
122 222 19 3 3 6
123 199 26 1 1 2
124 243 13 2 2 4
125 186 10 2 2 4
126 237 9 3 3 6
127 238 29 5 5 10
129 205 25 2 2 4
130 246 30 5 5 10
131 148 28 5 5 10
132 143 14 3 3 6
135 140 28 1 1 2
136 182 8 5 5 10
141 219 7 1 1 2
143 246 19 6 6 12
143 216 15 6 6 12
145 181 29 5 5 10
146 215 13 2 2 4
147 174 24 5 5 10
148 170 12 2 2 4
150 168 6 3 3 6
151 169 25 5 5 10
152 202 17 1 1 2
153 178 14 2 2 4
153 233 28 6 6 12
154 219 7 3 3 6
155 168 25 3 3 6
155 156 17 6 6 12
156 164 21 1 1 2
157 159 13 1 1 2
158 167 6 4 4 8
160 250 10 3 3 6
161 210 14 5 5 10
163 218 22 4 4 8
163 166 21 2 2 4
163 230 7 5 5 10
164 168 25 4 4 8
165 207 25 2 2 4
168 237 26 6 6 12
169 208 25 5 5 10
170 186 6 2 2 4
172 186 5 2 2 4
173 175 12 4 4 8
174 205 6 4 4 8
175 229 29 1 1 2
176 190 9 6 6 12
177 248 25 3 3 6
177 196 25 1 1 2
181 235 27 4 4 8
182 213 8 5 5 10
183 249 20 3 3 6
183 244 21 3 3 6
184 219 21 1 1 2
185 249 21 3 3 6
186 230 19 6 6 12
187 196 23 1 1 2
188 227 9 4 4 8
190 244 19 5 5 10
190 247 5 4 4 8
193 210 13 2 2 4
194 213 26 2 2 4
195 226 20 5 5 10
197 207 27 5 5 10
198 229 9 1 1 2
199 235 17 4 4 8
200 228 6 2 2 4
201 237 9 2 2 4
202 213 15 5 5 10
203 236 19 1 1 2
204 243 8 2 2 4
205 209 12 5 5 10
206 223 22 6 6 12
208 248 29 3 3 6
209 210 12 6 6 12
210 214 21 4 4 8
211 240 5 1 1 2
211 244 23 5 5 10
213 248 29 3 3 6
214 242 9 2 2 4
215 237 17 5 5 10
216 226 11 6 6 12
218 222 26 4 4 8
221 240 25 3 3 6
222 240 5 1 1 2
223 225 11 3 3 6
224 250 19 1 1 2
226 231 10 6 6 12
227 232 6 1 1 2
228 238 13 5 5 10
229 236 24 5 5 10
230 239 7 1 1 2
231 235 7 1 1 2
232 236 5 4 4 8
233 235 24 1 1 2
235 246 14 3 3 6
236 249 14 5 5 10
237 247 14 3 3 6
238 250 29 6 6 12
239 249 25 3 3 6
240 241 11 4 4 8
241 243 13 2 2 4
242 246 18 6 6 12
243 245 23 4 4 8
244 245 8 2 2 4
244 246 5 6 6 12
245 247 23 3 3 6
248 250 14 2 2 4
248 250 17 2 2 4
249 250 6 6 6 12
212 232 21 0 0 0
128 136 10 0 0 0
180 223 11 0 0 0
107 243 11 0 0 0
104 213 27 0 0 0
241 247 15 0 0 0
162 210 26 0 0 0
103 238 13 0 0 0
179 231 6 0 0 0
60 116 11 0 0 0
176 248 7 0 0 0
6 175 9 0 0 0
43 62 18 0 0 0
144 158 30 0 0 0
65 201 13 0 0 0
187 228 23 0 0 0
196 248 15 0 0 0
207 217 5 0 0 0
192 226 25 0 0 0
97 213 23 0 0 0
76 174 19 0 0 0
247 248 8 0 0 0
71 172 23 0 0 0
124 191 6 0 0 0
137 231 10 0 0 0
82 154 27 0 0 0
2 229 28 0 0 0
178 222 20 0 0 0
219 230 19 0 0 0
92 200 28 0 0 0
72 188 8 0 0 0
135 217 29 0 0 0
12 47 19 0 0 0
10 210 30 0 0 0
55 204 27 0 0 0
231 249 16 0 0 0
193 243 20 0 0 0
44 138 23 0 0 0
16 146 19 0 0 0
127 131 18 0 0 0
164 172 18 0 0 0
166 191 9 0 0 0
225 229 8 0 0 0
139 207 17 0 0 0
102 137 15 0 0 0
134 234 7 0 0 0
23 48 12 0 0 0
234 236 9 0 0 0
81 228 26 0 0 0
39 85 5 0 0 0
205 234 28 0 0 0
189 220 29 0 0 0
90 138 22 0 0 0
94 100 26 0 0 0
149 189 16 0 0 0
170 195 16 0 0 0
241 242 7 0 0 0
142 236 21 0 0 0
159 235 22 0 0 0
36 86 10 0 0 0
118 140 8 0 0 0
246 247 6 0 0 0
138 199 5 0 0 0
87 169 19 0 0 0
7 94 16 0 0 0
98 250 14 0 0 0
202 246 27 0 0 0
217 224 12 0 0 0
17 158 10 0 0 0
133 227 30 0 0 0
209 212 10 0 0 0
171 249 13 0 0 0
49 117 25 0 0 0
220 232 17 0 0 0
95 222 7 0 0 0
167 194 12 0 0 0
94 182 9 0 0 0
191 242 23 0 0 0
234 241 18 0 0 0
140 188 23 0 0 0