100 150 120
240
44 40 12 8
1 51 14 4
2 52 9 8
3 77 25 24
3 34 10 8
4 29 28 16
5 48 21 4
6 15 13 24
6 24 21 16
8 78 9 20
10 60 5 4
10 31 9 4
11 98 7 8
12 99 5 4
13 97 29 20
14 47 10 24
15 35 6 12
15 77 12 8
16 33 30 8
16 61 21 24
17 37 12 12
18 32 29 4
19 27 15 4
20 63 19 16
21 58 11 24
22 90 22 24
23 55 21 12
23 76 6 12
23 38 14 4
24 90 25 16
24 81 25 8
25 84 17 20
26 70 7 8
27 83 27 24
28 34 26 12
29 95 7 20
30 91 11 4
32 75 23 8
33 90 17 8
34 57 17 20
35 46 12 20
35 57 7 24
36 91 14 8
37 41 5 24
38 48 5 12
39 60 21 16
40 72 12 24
42 57 26 8
43 78 24 12
44 62 21 16
44 45 21 24
45 57 23 8
46 48 30 12
47 72 12 8
49 54 21 20
51 100 5 24
52 85 22 12
52 87 29 24
53 76 16 12
54 70 8 8
56 69 22 8
56 68 24 20
58 91 24 24
58 64 22 12
59 88 23 20
61 66 30 12
62 73 7 8
63 87 26 24
63 64 19 4
64 84 21 16
65 83 13 20
65 74 17 24
66 95 30 24
66 79 11 20
67 99 8 24
68 95 15 20
69 93 25 16
69 90 16 24
69 81 20 20
70 77 30 20
72 100 7 24
72 93 26 4
73 94 13 16
74 85 25 8
75 95 23 12
75 97 15 4
76 94 17 8
77 96 14 8
78 92 16 12
79 96 30 24
80 92 23 20
80 83 13 20
81 94 30 24
82 84 18 12
83 89 22 24
84 90 25 24
84 91 8 12
84 88 18 8
85 98 9 8
86 96 11 12
86 90 17 16
87 93 29 16
87 95 14 4
87 90 22 24
89 90 26 16
90 95 22 4
91 96 18 16
92 93 28 24
93 100 5 20
94 96 16 8
94 100 16 24
95 97 27 16
95 98 25 24
95 100 13 16
95 97 29 20
96 100 22 20
96 99 26 24
97 99 9 12
98 99 14 8
99 100 19 24
99 100 20 20
64 75 26 0
84 87 9 0
26 93 10 0
62 67 22 0
60 87 29 0
80 87 28 0
47 77 11 0
7 94 14 0
55 62 23 0
45 83 25 0
63 93 7 0
31 87 17 0
81 94 25 0
78 81 19 0
93 98 9 0
41 98 17 0
64 80 28 0
80 91 29 0
48 81 20 0
71 86 9 0
90 98 23 0
88 95 11 0
48 62 11 0
98 99 8 0
25 57 16 0
50 65 25 0
57 65 7 0
9 56 13 0
59 64 13 0
56 78 17 0