250 300 220
50 150
10 24 14 19 83 155 210
1 62 9 4 12
2 191 24 1 3
3 195 19 1 3
4 22 29 1 3
6 47 18 4 12
7 8 10 1 3
7 206 23 6 18
8 117 20 5 15
10 241 11 3 9
11 172 6 5 15
13 241 22 4 12
14 108 19 6 18
16 51 10 6 18
17 78 9 3 9
18 220 17 5 15
19 33 19 4 12
19 164 6 4 12
21 224 10 1 3
22 190 10 2 6
24 55 16 3 9
26 243 12 5 15
27 172 16 2 6
28 125 25 2 6
29 31 18 2 6
31 113 16 1 3
32 192 28 5 15
33 92 8 1 3
34 197 25 6 18
35 137 18 5 15
36 152 19 6 18
37 77 6 1 3
38 194 19 6 18
39 187 29 1 3
40 59 10 6 18
41 106 10 3 9
41 208 5 1 3
42 193 9 3 9
43 111 11 6 18
44 118 10 3 9
46 191 19 6 18
46 170 23 1 3
49 101 16 1 3
50 104 25 4 12
51 145 8 6 18
53 104 8 5 15
54 135 29 1 3
55 90 28 1 3
55 177 11 2 6
58 77 18 4 12
59 82 14 6 18
60 93 23 4 12
61 134 17 2 6
63 67 16 6 18
64 243 5 2 6
65 96 10 1 3
66 170 7 2 6
68 81 27 6 18
68 231 18 6 18
69 160 13 2 6
72 150 9 4 12
73 178 23 6 18
73 212 29 3 9
75 129 29 1 3
75 134 10 6 18
79 121 11 3 9
80 130 6 3 9
81 162 22 5 15
82 177 6 3 9
83 157 21 2 6
84 178 25 4 12
85 215 18 5 15
85 91 9 2 6
87 240 28 2 6
88 133 18 1 3
90 113 24 6 18
91 210 6 3 9
92 201 15 3 9
93 109 12 4 12
94 189 30 4 12
94 169 29 3 9
94 109 18 2 6
95 186 8 1 3
96 197 27 3 9
98 105 30 4 12
99 248 17 6 18
101 213 29 2 6
101 102 17 2 6
102 125 17 5 15
103 105 11 3 9
104 248 19 2 6
105 204 22 2 6
106 167 10 6 18
107 172 15 3 9
108 226 17 1 3
109 155 16 6 18
110 201 27 5 15
112 185 8 2 6
113 144 21 1 3
114 116 26 1 3
115 116 10 5 15
116 153 18 3 9
116 194 16 3 9
116 243 6 4 12
118 172 15 5 15
119 230 29 3 9
121 132 29 6 18
121 197 18 4 12
122 188 9 1 3
123 215 29 5 15
123 200 23 1 3
123 207 30 5 15
124 128 16 4 12
126 133 20 1 3
127 218 25 4 12
128 218 6 1 3
131 147 13 6 18
134 236 13 3 9
135 232 15 1 3
135 224 27 6 18
137 245 13 5 15
138 164 14 4 12
139 181 9 1 3
139 244 26 4 12
140 220 25 2 6
141 189 15 1 3
142 163 16 1 3
143 147 18 6 18
144 187 20 6 18
145 179 11 4 12
147 200 22 2 6
148 236 21 2 6
149 213 6 6 18
150 159 14 1 3
151 221 7 3 9
152 244 12 5 15
154 176 13 4 12
155 199 20 2 6
156 243 18 5 15
157 199 28 4 12
158 185 29 1 3
160 223 5 4 12
161 250 8 5 15
163 240 26 6 18
164 166 21 6 18
165 246 24 6 18
166 221 11 5 15
167 189 12 2 6
168 193 11 4 12
170 245 30 5 15
170 212 8 4 12
171 228 21 2 6
172 228 19 5 15
173 197 8 5 15
175 249 28 5 15
176 228 15 4 12
177 200 9 2 6
178 240 29 5 15
180 232 17 6 18
180 218 17 1 3
182 219 18 4 12
183 190 16 4 12
183 216 21 6 18
185 199 7 4 12
186 234 30 2 6
187 207 12 6 18
188 203 25 2 6
189 213 16 5 15
190 241 26 5 15
191 246 8 3 9
192 224 26 6 18
193 209 25 3 9
195 208 10 5 15
196 232 7 4 12
197 227 7 4 12
198 217 12 2 6
199 222 12 5 15
200 224 21 6 18
202 224 11 1 3
203 230 22 6 18
203 212 7 4 12
204 219 10 5 15
205 213 26 4 12
206 245 23 4 12
207 230 30 3 9
208 232 15 4 12
208 235 30 4 12
209 217 19 3 9
211 222 30 1 3
212 223 22 3 9
215 233 21 3 9
216 237 27 1 3
217 218 30 5 15
222 227 17 1 3
223 241 24 1 3
225 234 25 5 15
226 239 15 3 9
230 241 30 3 9
231 233 21 3 9
232 248 18 4 12
232 244 13 2 6
232 247 30 4 12
233 249 18 5 15
234 235 29 4 12
236 245 13 1 3
237 238 9 2 6
238 239 13 3 9
239 241 13 4 12
240 249 18 6 18
241 249 6 5 15
242 246 15 5 15
244 246 9 1 3
245 248 10 6 18
245 250 29 6 18
245 247 19 2 6
246 248 12 3 9
247 249 28 4 12
248 250 11 2 6
248 250 28 2 6
249 250 25 5 15
249 250 20 3 9
218 242 20 0 0
120 151 6 0 0
169 231 18 0 0
77 130 20 0 0
70 192 22 0 0
78 224 15 0 0
217 247 9 0 0
243 245 15 0 0
153 190 13 0 0
46 231 15 0 0
86 208 7 0 0
143 144 12 0 0
67 105 10 0 0
140 215 10 0 0
129 155 15 0 0
5 242 6 0 0
214 233 17 0 0
159 220 20 0 0
210 211 29 0 0
162 235 20 0 0
30 245 10 0 0
227 235 16 0 0
57 211 9 0 0
204 224 21 0 0
132 237 14 0 0
181 227 25 0 0
190 241 5 0 0
235 243 21 0 0
20 67 14 0 0
71 172 17 0 0
15 187 9 0 0
125 164 24 0 0
202 242 20 0 0
179 241 15 0 0
229 238 5 0 0
108 129 17 0 0
89 218 14 0 0
45 136 20 0 0
65 179 20 0 0
62 158 17 0 0
242 250 22 0 0
220 243 26 0 0
56 240 11 0 0
211 230 5 0 0
97 103 12 0 0
25 187 11 0 0
118 221 11 0 0
52 174 29 0 0
64 206 19 0 0
174 195 16 0 0
117 125 22 0 0
146 198 9 0 0
62 207 28 0 0
139 239 12 0 0
17 110 7 0 0
30 115 12 0 0
9 185 16 0 0
221 237 24 0 0
44 144 28 0 0
100 117 13 0 0
76 148 23 0 0
23 243 8 0 0
219 237 14 0 0
213 232 14 0 0
136 229 7 0 0
184 205 9 0 0
111 189 20 0 0
228 247 6 0 0
194 249 17 0 0
152 167 8 0 0
5 107 5 0 0
133 214 19 0 0
201 217 18 0 0
47 79 27 0 0
48 147 16 0 0
74 96 17 0 0
130 216 11 0 0
12 184 28 0 0
131 231 11 0 0
224 236 18 0 0