100 150 120
90 90 180
59 31 98 1
1 63 21 6 6 12
1 53 26 2 2 4
2 89 29 4 4 8
2 41 26 4 4 8
3 91 10 5 5 10
4 10 5 5 5 10
5 82 21 1 1 2
7 80 7 3 3 6
8 30 10 2 2 4
9 62 20 3 3 6
10 65 30 1 1 2
11 62 23 6 6 12
11 14 21 6 6 12
11 65 6 4 4 8
13 42 8 1 1 2
14 16 7 5 5 10
15 95 20 1 1 2
15 22 8 1 1 2
16 94 9 6 6 12
16 75 25 3 3 6
17 95 15 6 6 12
17 86 5 5 5 10
18 70 30 2 2 4
19 65 10 1 1 2
19 27 10 2 2 4
19 79 7 1 1 2
20 90 12 2 2 4
22 84 20 6 6 12
22 23 24 3 3 6
22 82 25 2 2 4
24 53 6 3 3 6
24 81 19 6 6 12
25 26 10 2 2 4
26 36 6 3 3 6
27 38 25 5 5 10
28 82 15 2 2 4
28 45 6 2 2 4
30 90 19 5 5 10
31 80 5 1 1 2
32 60 28 3 3 6
33 76 8 5 5 10
34 78 23 3 3 6
35 77 19 1 1 2
35 83 15 6 6 12
36 91 18 4 4 8
37 59 14 3 3 6
38 53 6 2 2 4
38 83 14 4 4 8
39 83 28 1 1 2
40 65 23 4 4 8
41 86 13 1 1 2
42 84 22 3 3 6
43 44 19 3 3 6
43 58 11 1 1 2
44 47 5 4 4 8
46 66 27 3 3 6
47 49 8 1 1 2
48 79 30 6 6 12
48 58 15 2 2 4
48 51 30 3 3 6
49 84 5 5 5 10
49 94 6 5 5 10
50 63 29 5 5 10
50 58 26 5 5 10
51 55 19 4 4 8
52 90 27 3 3 6
53 86 30 3 3 6
54 100 26 1 1 2
55 74 10 5 5 10
55 59 20 6 6 12
56 69 11 1 1 2
58 71 15 2 2 4
59 69 11 1 1 2
59 81 11 5 5 10
60 65 7 4 4 8
61 95 13 5 5 10
61 99 25 3 3 6
61 91 10 2 2 4
63 65 21 6 6 12
64 71 18 4 4 8
65 69 13 3 3 6
65 75 30 1 1 2
66 67 15 4 4 8
67 87 13 4 4 8
69 71 6 5 5 10
70 83 7 4 4 8
71 78 10 5 5 10
72 91 5 2 2 4
73 86 8 2 2 4
73 83 5 2 2 4
73 83 25 4 4 8
74 98 9 2 2 4
75 100 23 4 4 8
76 84 16 6 6 12
77 96 28 3 3 6
77 82 25 4 4 8
77 83 10 5 5 10
78 99 27 5 5 10
79 93 12 4 4 8
80 96 21 6 6 12
81 86 23 2 2 4
81 85 5 6 6 12
81 88 6 3 3 6
82 93 15 6 6 12
83 84 24 4 4 8
84 98 10 3 3 6
85 86 5 5 5 10
86 99 20 4 4 8
87 92 18 6 6 12
89 98 5 2 2 4
90 94 27 2 2 4
91 92 7 5 5 10
93 98 26 5 5 10
94 100 29 3 3 6
95 100 21 6 6 12
96 98 5 4 4 8
97 100 24 3 3 6
98 100 29 2 2 4
98 99 27 2 2 4
99 100 28 4 4 8
78 86 11 0 0 0
88 99 27 0 0 0
60 80 23 0 0 0
57 76 6 0 0 0
62 83 17 0 0 0
20 64 7 0 0 0
98 100 25 0 0 0
3 97 17 0 0 0
7 99 25 0 0 0
9 29 30 0 0 0
46 76 8 0 0 0
29 46 10 0 0 0
52 62 7 0 0 0
2 34 19 0 0 0
78 85 24 0 0 0
34 92 17 0 0 0
45 71 11 0 0 0
17 85 27 0 0 0
23 97 18 0 0 0
86 99 11 0 0 0
97 99 7 0 0 0
12 20 12 0 0 0
77 94 17 0 0 0
68 73 21 0 0 0
21 99 6 0 0 0
35 38 13 0 0 0
6 46 6 0 0 0
60 88 29 0 0 0
92 93 10 0 0 0
77 99 30 0 0 0