150 200 160
60 180
86 85 100 90 142
1 122 29 3 9
2 56 5 4 12
2 89 13 2 6
3 133 13 3 9
3 129 6 6 18
3 25 15 3 9
5 102 22 6 18
6 37 23 6 18
9 100 30 3 9
11 95 28 2 6
13 18 14 5 15
13 95 18 2 6
15 97 15 4 12
16 126 9 4 12
19 104 18 2 6
20 55 25 3 9
23 27 26 5 15
24 88 12 6 18
25 35 8 6 18
26 51 21 4 12
27 72 10 3 9
27 52 23 6 18
27 136 22 2 6
28 134 9 6 18
29 98 21 5 15
30 102 9 1 3
30 79 6 2 6
31 140 15 1 3
32 87 23 1 3
33 134 20 5 15
34 149 15 4 12
35 96 9 4 12
36 100 13 3 9
37 134 15 5 15
37 115 13 5 15
38 56 15 6 18
39 96 30 4 12
40 140 13 4 12
42 60 29 2 6
43 66 12 2 6
45 114 30 6 18
45 68 23 3 9
46 81 12 2 6
47 93 21 3 9
48 109 11 5 15
48 129 9 1 3
49 144 16 4 12
49 109 29 4 12
50 76 19 1 3
51 74 28 3 9
54 120 24 1 3
54 110 22 4 12
55 100 8 3 9
56 136 25 5 15
57 144 7 5 15
58 96 18 5 15
59 77 24 1 3
60 97 22 5 15
60 97 5 4 12
61 95 29 3 9
62 147 16 1 3
62 142 20 6 18
63 137 20 5 15
64 66 17 6 18
65 81 15 5 15
66 115 30 2 6
67 108 20 5 15
68 97 16 3 9
69 143 13 2 6
70 79 24 4 12
71 98 18 4 12
72 112 21 1 3
73 115 16 3 9
74 145 21 4 12
75 113 20 6 18
75 119 12 3 9
76 145 15 6 18
77 124 26 5 15
78 117 12 6 18
79 107 29 5 15
80 91 29 4 12
82 101 6 1 3
83 107 5 1 3
84 138 26 4 12
85 139 15 6 18
86 140 7 4 12
87 94 20 2 6
88 142 30 5 15
89 102 25 4 12
89 116 30 4 12
89 100 22 2 6
90 136 15 1 3
91 130 8 1 3
92 106 30 2 6
92 108 26 5 15
92 128 18 5 15
94 135 10 4 12
95 121 14 5 15
96 136 25 5 15
96 111 18 2 6
97 117 5 2 6
97 125 18 2 6
98 118 22 3 9
98 146 13 3 9
100 110 22 3 9
101 123 10 4 12
102 118 9 6 18
102 139 17 1 3
104 115 12 2 6
104 108 5 4 12
105 129 25 5 15
106 144 5 1 3
107 148 21 5 15
108 133 23 5 15
109 150 5 5 15
110 116 26 4 12
111 140 25 5 15
112 125 12 4 12
113 140 21 1 3
114 145 24 6 18
115 125 14 2 6
116 128 7 3 9
117 118 16 3 9
118 121 23 6 18
119 137 8 6 18
120 148 22 6 18
120 149 14 6 18
121 125 30 2 6
122 144 21 2 6
122 145 30 4 12
123 149 20 4 12
124 127 9 6 18
125 143 6 3 9
126 131 15 2 6
127 142 28 1 3
127 138 18 2 6
128 133 17 5 15
130 144 9 5 15
131 150 16 4 12
132 138 19 2 6
134 140 7 3 9
135 138 11 1 3
135 141 24 4 12
136 150 10 2 6
136 140 8 6 18
136 137 24 2 6
138 150 14 3 9
138 145 12 2 6
139 150 13 3 9
140 148 28 5 15
141 145 14 6 18
142 147 16 3 9
142 145 14 1 3
143 147 21 1 3
144 148 12 2 6
145 149 8 3 9
146 149 28 2 6
147 148 18 3 9
148 149 16 5 15
149 150 7 6 18
119 143 26 0 0
132 136 8 0 0
136 141 29 0 0
93 122 19 0 0
39 80 16 0 0
86 114 9 0 0
99 123 15 0 0
137 140 30 0 0
133 136 27 0 0
67 97 29 0 0
22 148 16 0 0
27 46 14 0 0
129 135 23 0 0
4 149 26 0 0
52 99 29 0 0
41 105 21 0 0
53 133 25 0 0
7 57 26 0 0
118 148 28 0 0
117 118 13 0 0
21 26 15 0 0
125 140 5 0 0
12 141 15 0 0
8 25 24 0 0
44 101 20 0 0
141 145 16 0 0
10 131 12 0 0
18 48 9 0 0
81 112 30 0 0
68 114 10 0 0
111 149 11 0 0
17 93 25 0 0
61 104 15 0 0
24 100 6 0 0
88 111 8 0 0
101 116 24 0 0
5 10 6 0 0
14 119 18 0 0
4 114 11 0 0
103 120 6 0 0