250 300 220
240
146 148 207 118 37 54 22
1 186 19 24
3 167 26 8
3 147 11 24
4 242 7 24
5 125 19 16
7 40 19 20
8 204 29 12
9 60 10 4
9 154 5 12
11 203 29 24
12 43 25 12
12 212 11 20
13 219 28 12
14 56 25 8
15 172 10 20
16 205 24 12
18 98 28 24
19 153 17 24
20 142 11 16
21 35 27 4
22 53 16 24
24 246 24 4
25 103 5 20
26 241 24 16
27 205 30 16
28 245 7 12
29 162 6 4
29 214 9 24
30 68 14 20
31 84 11 24
32 205 12 24
33 143 21 4
33 185 30 12
34 235 10 8
35 106 11 20
37 133 19 12
38 245 16 4
40 222 21 4
40 194 23 20
41 157 20 20
42 237 15 8
45 77 10 24
46 80 28 24
47 204 26 12
48 146 29 4
50 97 5 24
51 121 17 8
51 67 19 16
52 235 27 24
53 204 23 24
54 207 6 20
55 108 19 24
56 103 18 8
57 87 20 16
58 162 23 12
59 137 7 4
60 98 8 4
61 123 29 16
62 72 21 20
63 106 21 4
63 139 25 20
64 77 11 12
66 200 15 24
67 179 7 12
68 91 8 20
69 232 22 16
69 155 8 12
70 215 11 12
71 202 17 4
73 79 16 20
74 222 21 24
75 230 18 4
77 208 29 4
78 235 10 8
79 194 17 20
80 219 9 24
83 108 11 8
84 135 20 12
85 89 27 8
86 95 24 4
86 141 15 4
87 199 13 12
88 154 15 8
89 206 18 4
91 117 26 4
92 115 16 12
93 103 14 4
95 104 11 4
96 198 26 24
97 192 21 20
99 167 27 16
100 156 20 24
101 124 7 12
102 181 29 8
102 199 11 20
105 232 9 12
106 232 26 20
108 232 15 8
109 117 20 16
110 235 19 20
111 216 12 8
112 196 19 24
113 213 13 20
114 141 23 8
115 219 11 16
116 142 15 12
117 197 30 4
117 232 18 16
119 230 11 4
120 205 12 8
121 128 27 20
121 234 26 8
122 222 19 12
123 199 26 4
124 243 13 8
125 186 10 8
126 237 9 12
127 238 29 20
129 205 25 8
130 246 30 20
131 148 28 20
132 143 14 12
135 140 28 4
136 182 8 20
141 219 7 4
143 246 19 24
143 216 15 24
145 181 29 20
146 215 13 8
147 174 24 20
148 170 12 8
150 168 6 12
151 169 25 20
152 202 17 4
153 178 14 8
153 233 28 24
154 219 7 12
155 168 25 12
155 156 17 24
156 164 21 4
157 159 13 4
158 167 6 16
160 250 10 12
161 210 14 20
163 218 22 16
163 166 21 8
163 230 7 20
164 168 25 16
165 207 25 8
168 237 26 24
169 208 25 20
170 186 6 8
172 186 5 8
173 175 12 16
174 205 6 16
175 229 29 4
176 190 9 24
177 248 25 12
177 196 25 4
181 235 27 16
182 213 8 20
183 249 20 12
183 244 21 12
184 219 21 4
185 249 21 12
186 230 19 24
187 196 23 4
188 227 9 16
190 244 19 20
190 247 5 16
193 210 13 8
194 213 26 8
195 226 20 20
197 207 27 20
198 229 9 4
199 235 17 16
200 228 6 8
201 237 9 8
202 213 15 20
203 236 19 4
204 243 8 8
205 209 12 20
206 223 22 24
208 248 29 12
209 210 12 24
210 214 21 16
211 240 5 4
211 244 23 20
213 248 29 12
214 242 9 8
215 237 17 20
216 226 11 24
218 222 26 16
221 240 25 12
222 240 5 4
223 225 11 12
224 250 19 4
226 231 10 24
227 232 6 4
228 238 13 20
229 236 24 20
230 239 7 4
231 235 7 4
232 236 5 16
233 235 24 4
235 246 14 12
236 249 14 20
237 247 14 12
238 250 29 24
239 249 25 12
240 241 11 16
241 243 13 8
242 246 18 24
243 245 23 16
244 245 8 8
244 246 5 24
245 247 23 12
248 250 14 8
248 250 17 8
249 250 6 24
212 232 21 0
128 136 10 0
180 223 11 0
107 243 11 0
104 213 27 0
241 247 15 0
162 210 26 0
103 238 13 0
179 231 6 0
60 116 11 0
176 248 7 0
6 175 9 0
43 62 18 0
144 158 30 0
65 201 13 0
187 228 23 0
196 248 15 0
207 217 5 0
192 226 25 0
97 213 23 0
76 174 19 0
247 248 8 0
71 172 23 0
124 191 6 0
137 231 10 0
82 154 27 0
2 229 28 0
178 222 20 0
219 230 19 0
92 200 28 0
72 188 8 0
135 217 29 0
12 47 19 0
10 210 30 0
55 204 27 0
231 249 16 0
193 243 20 0
44 138 23 0
16 146 19 0
127 131 18 0
164 172 18 0
166 191 9 0
225 229 8 0
139 207 17 0
102 137 15 0
134 234 7 0
23 48 12 0
234 236 9 0
81 228 26 0
39 85 5 0
205 234 28 0
189 220 29 0
90 138 22 0
94 100 26 0
149 189 16 0
170 195 16 0
241 242 7 0
142 236 21 0
159 235 22 0
36 86 10 0
118 140 8 0
246 247 6 0
138 199 5 0
87 169 19 0
7 94 16 0
98 250 14 0
202 246 27 0
217 224 12 0
17 158 10 0
133 227 30 0
209 212 10 0
171 249 13 0
49 117 25 0
220 232 17 0
95 222 7 0
167 194 12 0
94 182 9 0
191 242 23 0
234 241 18 0
140 188 23 0