100 150 120
280
47 12 57 4
1 20 6 12
2 83 9 24
2 33 30 24
3 14 15 8
4 90 8 4
4 76 11 12
5 18 18 8
6 35 7 16
7 57 15 8
9 47 7 8
10 85 26 24
11 75 14 24
12 49 29 16
13 49 24 20
13 54 13 4
14 64 10 8
15 99 5 20
17 62 12 4
18 45 6 4
18 68 27 20
18 61 18 8
19 87 13 16
19 55 9 8
19 53 17 24
21 46 5 12
22 27 6 16
22 31 11 12
25 73 15 8
25 75 8 16
26 30 30 12
27 97 5 8
27 49 25 20
27 82 22 16
28 62 26 8
29 53 14 24
31 83 19 24
31 35 27 24
32 95 25 20
32 51 18 24
33 44 7 12
34 66 21 20
35 77 19 12
36 37 22 4
39 60 6 16
42 68 6 20
43 77 28 24
43 72 25 4
44 58 6 8
47 51 13 8
48 80 28 24
48 67 24 16
49 88 11 20
50 97 18 24
51 90 14 16
52 55 14 16
52 61 28 12
53 65 24 24
54 59 14 20
56 87 18 24
56 64 19 20
58 90 14 4
59 68 15 16
60 78 24 16
60 73 6 16
61 85 23 4
62 97 20 24
63 78 28 8
64 83 25 8
65 70 18 24
65 77 13 8
66 68 7 8
67 88 5 24
68 71 8 20
68 70 24 12
69 85 18 20
70 98 10 4
71 94 25 16
71 77 17 12
72 75 23 24
73 93 10 4
73 99 30 20
75 91 14 20
75 78 30 4
75 97 22 8
76 85 10 24
76 87 27 12
77 79 14 4
79 85 5 4
79 83 15 20
80 85 13 20
80 89 26 12
81 83 25 20
81 100 10 16
82 90 12 24
83 89 29 8
84 94 14 20
85 94 15 24
86 88 8 20
86 93 20 24
86 97 7 16
86 100 28 24
87 97 10 20
88 91 27 8
88 100 29 12
89 95 11 4
89 94 12 20
89 97 12 20
90 97 26 12
91 93 14 20
92 97 16 8
92 99 9 20
93 98 26 16
93 98 7 12
93 99 13 8
94 95 21 4
95 99 15 20
96 99 23 20
97 98 7 20
98 100 8 20
99 100 25 20
64 79 27 0
71 83 27 0
8 44 20 0
41 64 6 0
53 63 13 0
12 94 7 0
86 89 9 0
17 85 16 0
62 86 17 0
20 72 7 0
97 98 23 0
61 81 19 0
40 61 13 0
46 61 22 0
74 92 17 0
43 66 29 0
37 79 8 0
23 32 28 0
47 53 15 0
55 95 17 0
57 97 7 0
76 90 23 0
38 53 10 0
42 80 13 0
45 82 15 0
78 86 14 0
14 43 24 0
24 78 20 0
30 88 18 0
16 25 10 0