250 300 220
320
200 139 213 102 117 141 59
1 223 13 24
1 210 19 16
3 78 15 4
4 222 15 8
5 182 19 4
5 116 22 12
6 216 10 8
7 91 9 4
8 153 7 24
9 174 14 16
10 131 29 20
11 210 8 12
12 51 30 8
13 119 11 12
14 44 23 24
15 116 26 12
16 29 7 12
17 247 5 12
18 38 13 4
20 69 11 12
21 33 8 4
23 66 6 24
23 171 23 24
25 102 5 8
25 67 10 20
26 201 9 8
27 65 15 12
28 68 19 20
29 88 24 16
30 121 14 12
31 202 8 4
32 96 12 16
33 204 16 24
34 93 28 16
36 107 9 12
37 67 27 4
37 214 5 8
38 163 19 16
38 247 17 24
39 136 23 20
40 80 7 16
42 67 8 16
43 84 19 8
44 137 16 8
46 197 17 24
47 242 10 16
47 153 12 20
48 227 29 4
49 201 7 4
50 92 29 24
51 215 21 8
52 157 9 20
53 142 22 24
54 186 12 8
54 77 17 24
57 136 23 8
59 152 19 24
60 111 14 16
61 222 17 8
62 192 27 8
63 144 21 4
64 230 28 8
65 86 20 16
66 241 16 12
67 177 10 4
68 180 13 4
70 158 10 16
71 237 10 12
72 128 9 4
72 224 5 4
73 243 15 8
75 225 7 16
76 225 30 4
77 154 7 20
78 89 17 20
79 109 26 4
80 131 10 24
81 241 6 8
82 170 22 8
83 101 21 24
85 202 21 16
86 183 30 24
87 147 26 20
88 104 17 4
89 205 25 24
90 135 13 24
91 240 23 24
92 239 17 4
93 172 22 16
94 157 15 20
95 105 13 4
97 196 9 24
99 178 16 8
99 143 22 8
100 166 26 24
101 129 26 20
102 158 26 24
103 236 5 8
104 157 22 16
106 170 7 8
106 126 11 8
107 155 25 8
108 243 22 4
108 136 21 20
112 180 14 12
114 250 17 24
115 243 19 20
117 119 8 8
117 239 11 24
118 236 27 20
120 180 12 4
120 138 30 12
121 188 5 4
123 138 22 12
124 225 25 20
125 148 18 16
127 187 29 4
129 209 24 12
130 149 17 12
131 148 24 4
131 245 10 24
131 217 21 24
132 207 23 8
133 190 24 16
134 157 25 20
136 210 5 8
139 199 26 8
140 215 15 4
141 184 19 4
143 155 29 4
143 210 9 8
143 195 20 8
144 173 19 20
146 195 15 12
147 174 29 4
147 245 14 20
149 218 29 12
150 151 27 4
151 167 15 12
152 169 9 8
153 200 18 24
154 175 8 16
155 206 8 20
156 190 26 12
157 188 7 12
158 242 6 8
159 210 24 12
160 249 25 4
160 205 10 16
161 195 25 12
162 216 7 24
163 193 12 24
164 184 12 12
165 246 8 16
166 213 23 20
169 238 20 8
170 226 21 20
172 181 21 24
173 194 16 20
174 246 14 20
176 210 12 12
176 205 9 24
177 215 25 24
178 238 24 4
180 185 24 8
182 191 15 24
183 213 26 24
185 191 21 20
186 192 12 20
187 229 10 12
188 249 15 4
189 250 14 24
190 232 17 8
191 213 9 16
192 200 13 4
194 220 17 20
196 250 10 24
197 217 22 8
198 218 27 16
199 215 19 16
200 209 27 24
201 242 25 16
202 221 27 16
203 206 14 12
206 211 27 12
207 238 24 24
208 231 27 24
209 250 11 4
211 237 10 4
212 235 26 8
213 216 27 20
214 230 11 12
215 246 14 16
217 242 25 12
217 226 25 24
218 239 23 12
219 241 7 12
220 241 18 24
220 232 7 4
221 224 14 8
222 236 22 20
224 235 19 24
225 229 5 12
227 250 6 24
229 246 17 4
230 238 21 24
231 249 25 8
232 235 15 12
235 250 26 24
236 250 16 4
237 244 15 24
238 240 6 4
239 248 23 24
243 246 10 24
243 250 15 16
243 245 25 16
244 248 25 8
245 248 8 8
247 248 27 16
249 250 18 16
24 83 10 0
52 199 29 0
118 250 25 0
113 146 16 0
162 165 5 0
231 244 26 0
167 227 29 0
116 140 22 0
110 203 28 0
195 200 18 0
119 184 24 0
185 195 15 0
223 234 11 0
175 180 15 0
145 154 8 0
222 232 14 0
220 248 6 0
84 202 26 0
184 246 27 0
203 230 18 0
28 108 19 0
22 212 8 0
123 129 18 0
140 207 8 0
246 249 6 0
226 227 15 0
97 230 28 0
177 233 18 0
142 225 6 0
98 167 12 0
122 228 25 0
41 234 25 0
96 104 5 0
203 245 10 0
45 124 6 0
74 250 24 0
19 75 16 0
241 250 14 0
242 248 27 0
55 150 7 0
109 201 18 0
113 203 21 0
169 236 28 0
199 219 25 0
2 129 30 0
204 220 25 0
105 125 19 0
112 208 11 0
126 237 22 0
58 64 30 0
59 87 7 0
111 148 27 0
56 237 17 0
240 243 9 0
84 130 13 0
35 51 21 0
185 222 18 0
171 194 18 0
228 240 20 0
69 92 5 0
221 222 14 0
137 244 26 0
193 249 14 0
181 244 21 0
233 246 8 0
161 215 22 0
135 190 7 0
179 208 20 0
205 248 20 0
234 239 10 0
216 248 16 0
130 216 16 0
168 199 8 0
148 241 28 0
182 206 26 0
210 245 11 0
248 250 7 0
155 195 26 0
128 219 23 0
138 144 23 0