150 200 160
70 210
56 39 92 101 114
1 38 25 6 18
1 143 20 5 15
2 55 27 4 12
3 22 19 6 18
4 123 6 6 18
4 27 9 6 18
7 83 19 6 18
8 58 13 6 18
9 80 10 3 9
10 92 28 1 3
11 150 28 6 18
11 110 8 4 12
12 150 19 6 18
13 32 6 3 9
14 109 24 2 6
15 103 17 1 3
15 81 5 6 18
17 119 10 4 12
18 105 30 6 18
19 129 19 4 12
20 115 6 2 6
20 54 20 1 3
21 26 19 4 12
21 87 17 6 18
22 38 12 6 18
22 28 20 6 18
24 135 10 5 15
25 38 16 4 12
26 100 8 6 18
27 36 23 1 3
29 131 16 3 9
31 69 12 1 3
32 67 9 6 18
33 42 27 5 15
34 126 21 5 15
35 127 18 2 6
36 138 13 3 9
37 117 30 2 6
38 126 18 5 15
39 108 12 3 9
40 114 13 2 6
41 136 12 6 18
42 130 18 1 3
43 49 8 1 3
44 114 9 6 18
45 94 19 3 9
46 56 11 5 15
47 103 14 1 3
47 134 8 1 3
48 76 10 6 18
48 108 13 4 12
49 79 14 2 6
50 148 30 5 15
51 52 13 3 9
51 148 7 6 18
52 141 5 3 9
52 80 13 3 9
53 119 13 3 9
54 140 10 4 12
55 127 25 6 18
56 147 19 5 15
58 89 21 3 9
59 99 11 6 18
60 133 24 2 6
61 147 6 6 18
61 87 27 5 15
62 95 14 5 15
63 98 16 3 9
64 115 30 1 3
65 100 17 1 3
66 104 10 1 3
66 92 15 5 15
67 90 19 5 15
67 84 20 5 15
68 112 8 2 6
68 74 25 5 15
70 125 13 1 3
72 77 22 2 6
73 130 18 1 3
74 84 26 2 6
76 85 7 3 9
77 117 6 2 6
77 78 19 5 15
77 145 17 1 3
78 137 5 4 12
79 92 23 6 18
81 127 16 5 15
82 148 24 1 3
82 115 25 1 3
83 137 29 6 18
84 97 14 2 6
85 91 14 5 15
86 146 24 4 12
87 90 19 3 9
89 132 25 3 9
89 114 18 2 6
90 129 18 1 3
90 119 14 6 18
91 142 11 3 9
91 133 29 6 18
92 143 28 3 9
94 105 22 4 12
95 110 16 1 3
96 113 22 2 6
97 124 28 4 12
99 103 25 2 6
99 104 11 3 9
100 122 16 5 15
100 142 18 1 3
101 141 27 3 9
103 140 29 3 9
104 109 7 5 15
105 118 10 1 3
106 109 11 3 9
107 129 28 4 12
107 134 9 3 9
108 138 10 1 3
109 116 9 1 3
109 134 20 5 15
112 149 10 5 15
113 136 10 2 6
114 133 28 2 6
115 130 7 4 12
115 140 8 6 18
116 124 14 5 15
118 149 7 6 18
119 142 9 1 3
119 146 8 4 12
120 137 21 3 9
121 150 16 3 9
122 127 20 4 12
123 146 22 6 18
124 141 8 6 18
125 148 24 6 18
126 132 13 6 18
127 131 12 3 9
129 146 9 2 6
130 134 19 3 9
131 143 10 4 12
131 132 20 5 15
132 145 19 6 18
133 145 26 4 12
135 150 26 5 15
135 142 6 4 12
136 149 10 3 9
137 145 9 3 9
138 143 30 1 3
139 143 14 4 12
140 148 22 2 6
141 142 21 2 6
143 149 9 6 18
143 148 20 6 18
144 145 30 6 18
144 149 13 1 3
145 149 5 6 18
146 148 7 3 9
147 148 22 1 3
147 148 26 6 18
148 149 6 1 3
148 149 8 1 3
36 127 30 0 0
57 83 22 0 0
110 131 8 0 0
117 128 17 0 0
102 132 29 0 0
90 144 16 0 0
14 100 12 0 0
35 38 9 0 0
42 137 12 0 0
85 123 6 0 0
80 131 17 0 0
134 137 30 0 0
62 143 12 0 0
128 131 27 0 0
111 125 25 0 0
23 147 16 0 0
40 63 12 0 0
96 141 17 0 0
113 147 27 0 0
30 134 29 0 0
6 18 29 0 0
111 128 5 0 0
32 47 16 0 0
69 143 19 0 0
71 72 27 0 0
98 142 12 0 0
75 132 18 0 0
28 134 11 0 0
98 135 27 0 0
10 115 25 0 0
8 125 28 0 0
8 105 24 0 0
88 118 24 0 0
149 150 25 0 0
142 144 13 0 0
93 120 30 0 0
93 150 15 0 0
5 66 26 0 0
120 127 15 0 0
16 90 5 0 0