250 300 220
280
107 1 69 126 7 226 57
3 182 22 4
5 7 14 24
5 165 11 16
6 138 23 4
7 44 8 12
7 210 11 8
8 149 25 4
10 84 27 4
12 103 22 24
13 77 24 24
14 209 11 24
15 190 15 24
16 180 26 12
16 183 8 16
16 78 12 4
17 63 25 24
20 25 10 8
21 82 26 4
22 144 11 12
24 41 18 12
25 235 21 24
26 207 29 8
27 221 28 16
29 143 6 16
30 201 15 16
31 204 24 20
32 151 24 16
33 235 18 8
34 242 29 24
36 232 22 24
36 123 13 4
37 110 6 12
38 82 13 12
39 188 6 24
41 87 14 4
41 147 5 12
42 119 8 12
44 209 7 4
45 142 10 24
46 244 20 8
47 224 5 4
48 247 22 12
49 86 20 8
50 130 25 4
51 123 24 16
52 215 23 16
53 248 26 12
54 250 15 24
55 136 14 24
56 65 15 8
57 221 11 8
59 193 10 4
60 133 10 20
62 120 16 8
63 117 25 20
66 113 21 8
68 198 19 20
68 179 20 24
70 140 16 8
73 122 8 16
73 192 27 4
74 208 10 24
76 227 26 4
76 124 12 8
77 152 28 20
78 114 10 8
79 241 19 12
82 184 18 20
86 125 29 12
87 153 6 20
88 154 7 16
89 176 24 8
90 225 8 20
90 139 25 12
91 197 9 4
92 176 13 4
92 116 28 4
93 188 29 16
95 191 19 16
95 134 22 4
96 116 15 8
97 219 14 20
98 181 21 4
100 244 29 12
102 126 16 16
103 117 8 20
104 232 26 20
105 106 15 8
106 116 12 4
107 197 19 24
107 135 6 20
108 147 6 8
109 194 27 4
110 243 27 16
110 207 9 16
111 214 13 12
113 159 10 4
116 130 6 24
118 162 27 24
118 237 6 8
121 248 26 20
122 205 14 24
123 227 29 16
124 192 17 16
125 229 30 16
126 147 5 12
127 143 8 8
128 178 17 4
129 211 19 20
129 228 23 4
130 221 28 16
131 166 16 8
132 135 17 4
133 206 24 4
134 216 22 24
134 230 7 16
135 199 27 24
136 184 17 20
137 205 25 24
137 218 9 16
138 240 28 12
139 246 30 4
140 163 12 20
141 199 27 20
143 224 10 20
144 207 12 12
144 239 8 16
144 182 19 8
145 178 21 12
146 195 9 4
147 195 5 16
148 227 19 16
148 171 21 16
149 240 8 24
150 224 15 4
151 239 13 20
152 221 30 8
157 241 11 4
158 240 21 4
159 234 7 12
160 177 5 4
161 232 21 24
163 226 13 12
164 234 30 20
165 185 7 4
165 246 23 8
166 172 17 8
167 208 8 8
169 203 18 12
170 188 8 24
170 189 19 16
171 227 23 8
173 174 10 8
175 199 11 8
177 203 11 12
178 179 8 16
179 188 24 8
179 184 10 12
180 197 29 20
181 218 27 12
183 218 15 16
184 231 29 16
184 240 15 24
186 219 19 12
187 196 16 24
188 193 6 20
190 230 26 4
190 212 9 20
191 208 21 16
191 204 10 20
192 235 25 16
193 239 19 16
194 202 8 24
195 208 25 4
197 203 6 8
200 226 28 24
201 223 7 20
202 240 19 16
203 221 14 8
206 242 26 4
207 236 10 4
209 250 23 4
210 246 13 8
210 248 14 4
211 224 10 16
212 248 22 24
214 239 15 12
215 232 11 4
216 222 12 24
217 225 13 20
217 232 26 12
218 237 7 12
220 233 11 24
222 244 22 24
223 224 11 16
224 249 18 4
225 234 29 20
225 237 11 20
226 249 28 4
227 233 15 24
228 248 20 8
229 245 14 20
230 247 22 24
231 242 24 4
232 241 14 20
233 246 8 8
234 241 8 16
235 246 30 12
236 245 28 4
236 241 9 24
237 250 10 12
238 250 28 12
239 249 6 20
243 250 16 24
244 250 22 20
245 249 17 8
246 249 10 20
246 249 18 16
246 247 22 20
249 250 9 8
23 175 5 0
114 226 18 0
115 207 29 0
229 239 21 0
168 197 18 0
81 174 16 0
64 114 28 0
248 250 16 0
58 89 24 0
28 206 16 0
155 191 18 0
31 110 24 0
83 186 5 0
242 250 12 0
85 211 24 0
142 235 11 0
40 43 16 0
67 208 15 0
221 242 29 0
208 241 15 0
172 193 14 0
241 245 17 0
2 188 10 0
91 136 16 0
219 241 9 0
189 195 29 0
206 225 8 0
213 241 16 0
182 207 11 0
112 155 29 0
18 90 10 0
153 189 5 0
65 248 8 0
200 210 13 0
156 243 15 0
101 144 22 0
174 238 15 0
9 156 24 0
183 247 14 0
43 143 14 0
176 237 14 0
72 154 13 0
154 223 11 0
249 250 20 0
247 249 17 0
139 232 16 0
94 105 19 0
196 205 13 0
84 112 22 0
1 176 26 0
117 225 22 0
199 243 15 0
185 216 30 0
161 190 15 0
97 219 28 0
240 247 19 0
204 229 6 0
71 101 28 0
205 210 30 0
13 193 12 0
125 169 5 0
61 224 13 0
35 176 13 0
163 234 14 0
111 170 23 0
75 225 15 0
19 216 14 0
99 231 16 0
120 121 11 0
208 239 18 0
80 247 13 0
56 120 30 0
11 94 19 0
69 127 25 0
230 244 8 0
216 234 21 0
162 163 12 0
119 218 16 0
4 33 12 0
198 228 28 0