200 250 200
50 150
105 153 65 161 131 24
2 164 18 1 3
2 66 10 1 3
2 85 24 6 18
5 151 7 6 18
5 160 16 2 6
6 187 26 4 12
7 73 14 3 9
9 21 29 1 3
13 157 24 6 18
14 56 23 6 18
15 54 22 1 3
15 123 29 1 3
18 107 14 5 15
19 133 15 2 6
20 125 18 1 3
21 74 30 3 9
22 77 9 1 3
23 38 23 5 15
24 145 20 1 3
25 166 9 2 6
25 46 22 6 18
26 59 11 3 9
27 172 29 1 3
28 29 21 3 9
29 158 5 6 18
30 34 19 1 3
31 141 27 5 15
32 98 26 3 9
35 84 26 6 18
36 188 28 1 3
37 78 20 3 9
38 140 6 2 6
39 184 25 4 12
40 117 8 1 3
40 157 9 2 6
41 107 15 4 12
42 129 6 1 3
43 126 20 4 12
44 161 13 6 18
44 171 7 3 9
46 152 20 4 12
47 66 21 2 6
48 68 29 5 15
49 124 9 6 18
49 175 17 2 6
50 96 19 6 18
50 134 15 6 18
51 66 15 5 15
51 180 10 5 15
52 113 16 6 18
54 155 27 2 6
56 113 15 3 9
57 113 15 2 6
59 195 19 6 18
59 128 8 4 12
60 165 21 6 18
61 86 24 3 9
61 163 22 3 9
62 200 10 4 12
63 119 10 5 15
64 191 27 6 18
65 98 9 5 15
65 170 9 2 6
66 88 18 6 18
67 145 10 3 9
68 95 5 2 6
69 144 6 5 15
69 112 20 4 12
70 156 13 6 18
70 108 21 4 12
72 121 8 6 18
73 126 20 2 6
74 90 20 4 12
75 135 22 6 18
75 108 25 6 18
76 157 26 3 9
77 139 10 3 9
79 153 29 1 3
80 94 28 2 6
81 138 29 5 15
82 193 28 3 9
83 129 5 3 9
85 185 25 5 15
86 183 22 3 9
87 141 30 1 3
88 147 14 2 6
88 97 20 6 18
89 119 30 3 9
90 164 24 2 6
91 144 11 1 3
92 170 12 6 18
93 143 20 1 3
93 114 5 4 12
94 151 25 6 18
95 196 18 2 6
96 127 25 1 3
96 141 12 6 18
97 114 10 6 18
98 111 19 6 18
98 119 9 6 18
99 196 14 6 18
100 128 13 2 6
101 153 5 1 3
103 143 20 1 3
104 176 6 3 9
106 145 25 6 18
106 198 16 4 12
107 165 9 3 9
108 173 17 3 9
111 121 5 3 9
112 168 22 1 3
112 115 27 1 3
113 185 22 6 18
114 163 17 1 3
115 122 11 2 6
116 175 25 3 9
117 147 30 3 9
119 177 16 1 3
120 199 24 2 6
121 187 24 2 6
122 132 6 3 9
123 139 16 4 12
123 152 26 2 6
126 160 27 2 6
128 174 13 3 9
130 137 10 2 6
131 151 29 1 3
132 133 27 6 18
133 168 13 3 9
135 173 20 2 6
136 143 19 1 3
137 147 10 5 15
137 197 21 2 6
137 153 23 2 6
137 162 23 5 15
138 160 9 6 18
140 153 29 6 18
141 145 17 3 9
142 153 17 2 6
143 162 23 4 12
143 193 13 6 18
144 150 12 4 12
145 181 30 6 18
146 168 28 1 3
147 158 7 4 12
147 191 24 5 15
148 185 28 3 9
149 171 16 4 12
150 160 8 1 3
151 177 18 3 9
152 173 23 5 15
155 175 15 4 12
155 173 6 4 12
155 197 28 6 18
157 199 12 6 18
158 183 9 4 12
158 177 10 5 15
159 191 10 1 3
160 199 12 3 9
161 166 23 2 6
162 187 24 1 3
163 168 26 4 12
165 170 28 3 9
167 196 28 3 9
168 186 12 6 18
169 189 21 5 15
170 199 29 3 9
171 178 15 2 6
172 187 9 6 18
173 177 17 4 12
175 176 21 3 9
176 197 8 1 3
176 186 28 6 18
177 196 14 1 3
178 193 16 1 3
179 199 6 2 6
180 200 21 2 6
180 199 15 3 9
181 184 25 1 3
182 191 16 2 6
183 200 27 4 12
183 193 22 3 9
184 198 30 4 12
185 190 30 5 15
186 195 22 5 15
188 190 14 6 18
188 199 18 2 6
189 195 12 5 15
190 192 28 4 12
191 200 26 4 12
192 199 5 4 12
193 198 5 1 3
194 200 28 4 12
195 198 10 4 12
195 200 19 6 18
195 197 25 2 6
196 199 23 3 9
197 198 15 4 12
198 200 19 2 6
199 200 24 5 15
149 175 30 0 0
53 95 25 0 0
118 129 5 0 0
99 197 18 0 0
158 164 10 0 0
33 60 22 0 0
5 35 9 0 0
150 181 5 0 0
10 48 19 0 0
45 72 7 0 0
160 176 16 0 0
180 200 17 0 0
153 183 23 0 0
125 127 26 0 0
127 150 15 0 0
102 187 5 0 0
43 124 11 0 0
187 196 10 0 0
84 120 14 0 0
78 84 7 0 0
71 129 15 0 0
34 178 28 0 0
4 136 21 0 0
124 128 12 0 0
156 171 30 0 0
171 199 8 0 0
139 149 14 0 0
164 175 6 0 0
166 183 17 0 0
17 148 11 0 0
16 148 28 0 0
1 99 5 0 0
166 176 30 0 0
55 198 7 0 0
105 133 23 0 0
110 174 5 0 0
8 66 11 0 0
58 118 29 0 0
11 130 12 0 0
181 188 21 0 0
154 178 25 0 0
129 199 23 0 0
69 144 7 0 0
98 100 22 0 0
145 192 28 0 0
109 111 27 0 0
12 48 10 0 0
3 189 30 0 0
134 142 8 0 0
174 193 22 0 0