250 300 220
90 270
246 36 96 99 182 111 215
2 233 16 2 6
3 54 21 4 12
4 212 14 1 3
4 246 12 6 18
5 203 9 5 15
6 113 21 3 9
7 159 18 2 6
8 68 9 3 9
9 100 6 2 6
10 106 22 5 15
11 22 27 1 3
12 150 10 3 9
13 30 10 5 15
14 52 14 1 3
15 109 27 1 3
17 62 30 4 12
20 165 15 2 6
21 109 12 6 18
22 23 17 3 9
24 90 19 1 3
25 85 12 2 6
26 45 10 1 3
30 103 28 2 6
31 237 19 3 9
32 223 24 1 3
33 202 30 3 9
33 109 9 6 18
35 117 19 6 18
35 40 27 5 15
36 75 16 3 9
38 174 29 2 6
39 158 19 5 15
40 156 22 5 15
41 179 12 1 3
42 43 19 3 9
43 85 30 3 9
44 101 30 4 12
45 76 11 6 18
46 199 26 4 12
47 142 14 4 12
48 146 12 5 15
49 59 22 5 15
50 144 12 1 3
52 95 7 4 12
53 167 30 1 3
54 124 12 2 6
57 151 12 2 6
58 233 19 3 9
59 182 16 3 9
60 75 10 3 9
61 221 26 2 6
61 212 9 6 18
62 245 5 3 9
63 115 28 1 3
64 65 18 3 9
65 72 24 4 12
66 100 8 3 9
66 212 7 3 9
67 133 16 2 6
68 237 14 2 6
69 136 29 4 12
70 93 10 6 18
71 209 28 6 18
72 97 27 6 18
73 224 12 6 18
74 208 30 6 18
76 238 20 1 3
77 230 9 5 15
79 211 9 2 6
82 105 12 4 12
83 127 17 2 6
84 220 19 4 12
85 150 10 6 18
86 195 11 6 18
86 249 22 1 3
89 236 27 2 6
90 181 12 3 9
91 179 30 2 6
92 134 29 3 9
94 187 16 4 12
94 137 21 4 12
95 214 11 2 6
96 248 21 5 15
97 144 24 5 15
98 217 6 5 15
102 198 30 2 6
103 216 9 3 9
104 111 14 4 12
105 215 25 4 12
106 206 18 4 12
106 239 10 6 18
111 125 7 3 9
112 177 28 6 18
113 162 23 2 6
114 142 15 1 3
114 197 23 6 18
115 118 26 3 9
116 150 8 5 15
117 243 22 3 9
119 141 9 2 6
119 124 28 4 12
120 132 10 3 9
121 169 28 6 18
122 231 17 6 18
123 222 26 2 6
124 136 12 4 12
125 203 28 3 9
127 162 30 4 12
128 212 8 6 18
129 201 9 3 9
130 162 12 1 3
131 222 17 6 18
132 158 22 2 6
133 230 28 6 18
134 196 17 6 18
134 163 6 6 18
135 215 12 2 6
136 232 18 6 18
137 143 12 1 3
137 225 18 2 6
137 163 24 5 15
138 201 10 4 12
139 247 9 1 3
140 191 16 3 9
142 157 8 5 15
142 185 29 4 12
143 236 5 4 12
144 205 11 3 9
145 235 23 1 3
146 225 12 6 18
147 158 14 3 9
148 230 8 4 12
149 227 27 5 15
151 237 25 3 9
152 189 25 1 3
153 210 15 4 12
154 164 30 2 6
155 170 7 3 9
156 164 28 3 9
157 226 6 2 6
158 186 19 2 6
159 189 17 5 15
160 210 16 3 9
161 199 14 3 9
162 248 5 6 18
164 242 9 6 18
165 182 8 1 3
166 188 11 5 15
167 233 26 2 6
168 234 21 5 15
169 190 20 2 6
170 201 19 5 15
172 194 24 5 15
172 210 9 2 6
173 238 29 3 9
174 179 14 2 6
175 244 15 6 18
176 199 14 1 3
177 191 11 5 15
181 221 17 6 18
181 239 26 3 9
182 183 28 2 6
183 233 19 2 6
184 220 20 1 3
185 214 6 6 18
186 222 25 5 15
187 232 28 3 9
189 241 9 2 6
191 211 18 2 6
192 199 6 1 3
193 217 5 1 3
194 228 15 3 9
196 243 14 6 18
197 229 11 2 6
199 239 15 6 18
200 209 24 1 3
201 208 24 5 15
201 245 12 6 18
202 235 14 6 18
203 217 15 1 3
204 246 17 3 9
207 228 10 6 18
208 247 17 5 15
209 232 16 1 3
212 226 18 3 9
214 223 9 2 6
214 215 9 3 9
215 250 10 1 3
216 236 28 2 6
217 222 27 4 12
218 226 29 2 6
218 236 22 4 12
219 230 5 5 15
220 233 12 5 15
221 241 30 1 3
223 243 9 1 3
224 241 21 2 6
225 250 12 3 9
226 242 26 4 12
226 232 30 2 6
227 231 13 5 15
227 231 8 2 6
228 233 23 3 9
230 246 9 6 18
232 242 19 4 12
233 242 6 1 3
234 236 28 1 3
235 245 13 5 15
236 246 28 6 18
237 241 5 6 18
238 246 30 2 6
239 243 15 6 18
241 249 6 2 6
242 247 27 5 15
243 248 29 6 18
244 246 10 1 3
245 246 13 2 6
246 249 22 4 12
247 250 11 2 6
249 250 16 2 6
126 146 5 0 0
99 184 12 0 0
51 72 28 0 0
56 219 5 0 0
108 165 26 0 0
159 229 6 0 0
128 166 10 0 0
75 107 8 0 0
19 218 17 0 0
109 188 27 0 0
130 224 8 0 0
89 187 13 0 0
195 216 30 0 0
29 114 27 0 0
171 244 6 0 0
80 123 13 0 0
110 113 29 0 0
163 220 27 0 0
87 197 20 0 0
18 173 15 0 0
231 249 22 0 0
205 211 10 0 0
88 104 29 0 0
32 85 27 0 0
23 195 9 0 0
188 200 5 0 0
55 221 10 0 0
101 154 17 0 0
28 239 22 0 0
22 95 27 0 0
190 206 10 0 0
118 172 17 0 0
206 209 7 0 0
1 103 12 0 0
167 213 28 0 0
14 50 8 0 0
211 225 24 0 0
210 223 11 0 0
179 238 24 0 0
2 121 28 0 0
34 99 12 0 0
117 118 9 0 0
8 168 28 0 0
16 182 5 0 0
180 239 29 0 0
37 58 19 0 0
112 165 9 0 0
229 238 6 0 0
92 186 9 0 0
34 158 18 0 0
58 65 11 0 0
240 241 19 0 0
248 249 9 0 0
163 182 18 0 0
55 193 29 0 0
31 44 29 0 0
143 245 19 0 0
93 111 21 0 0
215 225 29 0 0
198 219 15 0 0
109 243 20 0 0
159 240 10 0 0
222 232 26 0 0
1 234 14 0 0
138 204 5 0 0
27 85 5 0 0
178 200 15 0 0
81 209 30 0 0
150 157 7 0 0
106 109 12 0 0
190 219 21 0 0
169 249 23 0 0
107 137 13 0 0
141 155 27 0 0
104 161 7 0 0
100 229 22 0 0
124 164 20 0 0
185 222 7 0 0
78 175 20 0 0
213 246 15 0 0