250 300 220
200
10 24 14 19 83 155 210
1 62 9 16
2 191 24 4
3 195 19 4
4 22 29 4
6 47 18 16
7 8 10 4
7 206 23 24
8 117 20 20
10 241 11 12
11 172 6 20
13 241 22 16
14 108 19 24
16 51 10 24
17 78 9 12
18 220 17 20
19 33 19 16
19 164 6 16
21 224 10 4
22 190 10 8
24 55 16 12
26 243 12 20
27 172 16 8
28 125 25 8
29 31 18 8
31 113 16 4
32 192 28 20
33 92 8 4
34 197 25 24
35 137 18 20
36 152 19 24
37 77 6 4
38 194 19 24
39 187 29 4
40 59 10 24
41 106 10 12
41 208 5 4
42 193 9 12
43 111 11 24
44 118 10 12
46 191 19 24
46 170 23 4
49 101 16 4
50 104 25 16
51 145 8 24
53 104 8 20
54 135 29 4
55 90 28 4
55 177 11 8
58 77 18 16
59 82 14 24
60 93 23 16
61 134 17 8
63 67 16 24
64 243 5 8
65 96 10 4
66 170 7 8
68 81 27 24
68 231 18 24
69 160 13 8
72 150 9 16
73 178 23 24
73 212 29 12
75 129 29 4
75 134 10 24
79 121 11 12
80 130 6 12
81 162 22 20
82 177 6 12
83 157 21 8
84 178 25 16
85 215 18 20
85 91 9 8
87 240 28 8
88 133 18 4
90 113 24 24
91 210 6 12
92 201 15 12
93 109 12 16
94 189 30 16
94 169 29 12
94 109 18 8
95 186 8 4
96 197 27 12
98 105 30 16
99 248 17 24
101 213 29 8
101 102 17 8
102 125 17 20
103 105 11 12
104 248 19 8
105 204 22 8
106 167 10 24
107 172 15 12
108 226 17 4
109 155 16 24
110 201 27 20
112 185 8 8
113 144 21 4
114 116 26 4
115 116 10 20
116 153 18 12
116 194 16 12
116 243 6 16
118 172 15 20
119 230 29 12
121 132 29 24
121 197 18 16
122 188 9 4
123 215 29 20
123 200 23 4
123 207 30 20
124 128 16 16
126 133 20 4
127 218 25 16
128 218 6 4
131 147 13 24
134 236 13 12
135 232 15 4
135 224 27 24
137 245 13 20
138 164 14 16
139 181 9 4
139 244 26 16
140 220 25 8
141 189 15 4
142 163 16 4
143 147 18 24
144 187 20 24
145 179 11 16
147 200 22 8
148 236 21 8
149 213 6 24
150 159 14 4
151 221 7 12
152 244 12 20
154 176 13 16
155 199 20 8
156 243 18 20
157 199 28 16
158 185 29 4
160 223 5 16
161 250 8 20
163 240 26 24
164 166 21 24
165 246 24 24
166 221 11 20
167 189 12 8
168 193 11 16
170 245 30 20
170 212 8 16
171 228 21 8
172 228 19 20
173 197 8 20
175 249 28 20
176 228 15 16
177 200 9 8
178 240 29 20
180 232 17 24
180 218 17 4
182 219 18 16
183 190 16 16
183 216 21 24
185 199 7 16
186 234 30 8
187 207 12 24
188 203 25 8
189 213 16 20
190 241 26 20
191 246 8 12
192 224 26 24
193 209 25 12
195 208 10 20
196 232 7 16
197 227 7 16
198 217 12 8
199 222 12 20
200 224 21 24
202 224 11 4
203 230 22 24
203 212 7 16
204 219 10 20
205 213 26 16
206 245 23 16
207 230 30 12
208 232 15 16
208 235 30 16
209 217 19 12
211 222 30 4
212 223 22 12
215 233 21 12
216 237 27 4
217 218 30 20
222 227 17 4
223 241 24 4
225 234 25 20
226 239 15 12
230 241 30 12
231 233 21 12
232 248 18 16
232 244 13 8
232 247 30 16
233 249 18 20
234 235 29 16
236 245 13 4
237 238 9 8
238 239 13 12
239 241 13 16
240 249 18 24
241 249 6 20
242 246 15 20
244 246 9 4
245 248 10 24
245 250 29 24
245 247 19 8
246 248 12 12
247 249 28 16
248 250 11 8
248 250 28 8
249 250 25 20
249 250 20 12
218 242 20 0
120 151 6 0
169 231 18 0
77 130 20 0
70 192 22 0
78 224 15 0
217 247 9 0
243 245 15 0
153 190 13 0
46 231 15 0
86 208 7 0
143 144 12 0
67 105 10 0
140 215 10 0
129 155 15 0
5 242 6 0
214 233 17 0
159 220 20 0
210 211 29 0
162 235 20 0
30 245 10 0
227 235 16 0
57 211 9 0
204 224 21 0
132 237 14 0
181 227 25 0
190 241 5 0
235 243 21 0
20 67 14 0
71 172 17 0
15 187 9 0
125 164 24 0
202 242 20 0
179 241 15 0
229 238 5 0
108 129 17 0
89 218 14 0
45 136 20 0
65 179 20 0
62 158 17 0
242 250 22 0
220 243 26 0
56 240 11 0
211 230 5 0
97 103 12 0
25 187 11 0
118 221 11 0
52 174 29 0
64 206 19 0
174 195 16 0
117 125 22 0
146 198 9 0
62 207 28 0
139 239 12 0
17 110 7 0
30 115 12 0
9 185 16 0
221 237 24 0
44 144 28 0
100 117 13 0
76 148 23 0
23 243 8 0
219 237 14 0
213 232 14 0
136 229 7 0
184 205 9 0
111 189 20 0
228 247 6 0
194 249 17 0
152 167 8 0
5 107 5 0
133 214 19 0
201 217 18 0
47 79 27 0
48 147 16 0
74 96 17 0
130 216 11 0
12 184 28 0
131 231 11 0
224 236 18 0