200 250 200
50 50 100
105 153 65 161 131 24
2 164 18 1 1 2
2 66 10 1 1 2
2 85 24 6 6 12
5 151 7 6 6 12
5 160 16 2 2 4
6 187 26 4 4 8
7 73 14 3 3 6
9 21 29 1 1 2
13 157 24 6 6 12
14 56 23 6 6 12
15 54 22 1 1 2
15 123 29 1 1 2
18 107 14 5 5 10
19 133 15 2 2 4
20 125 18 1 1 2
21 74 30 3 3 6
22 77 9 1 1 2
23 38 23 5 5 10
24 145 20 1 1 2
25 166 9 2 2 4
25 46 22 6 6 12
26 59 11 3 3 6
27 172 29 1 1 2
28 29 21 3 3 6
29 158 5 6 6 12
30 34 19 1 1 2
31 141 27 5 5 10
32 98 26 3 3 6
35 84 26 6 6 12
36 188 28 1 1 2
37 78 20 3 3 6
38 140 6 2 2 4
39 184 25 4 4 8
40 117 8 1 1 2
40 157 9 2 2 4
41 107 15 4 4 8
42 129 6 1 1 2
43 126 20 4 4 8
44 161 13 6 6 12
44 171 7 3 3 6
46 152 20 4 4 8
47 66 21 2 2 4
48 68 29 5 5 10
49 124 9 6 6 12
49 175 17 2 2 4
50 96 19 6 6 12
50 134 15 6 6 12
51 66 15 5 5 10
51 180 10 5 5 10
52 113 16 6 6 12
54 155 27 2 2 4
56 113 15 3 3 6
57 113 15 2 2 4
59 195 19 6 6 12
59 128 8 4 4 8
60 165 21 6 6 12
61 86 24 3 3 6
61 163 22 3 3 6
62 200 10 4 4 8
63 119 10 5 5 10
64 191 27 6 6 12
65 98 9 5 5 10
65 170 9 2 2 4
66 88 18 6 6 12
67 145 10 3 3 6
68 95 5 2 2 4
69 144 6 5 5 10
69 112 20 4 4 8
70 156 13 6 6 12
70 108 21 4 4 8
72 121 8 6 6 12
73 126 20 2 2 4
74 90 20 4 4 8
75 135 22 6 6 12
75 108 25 6 6 12
76 157 26 3 3 6
77 139 10 3 3 6
79 153 29 1 1 2
80 94 28 2 2 4
81 138 29 5 5 10
82 193 28 3 3 6
83 129 5 3 3 6
85 185 25 5 5 10
86 183 22 3 3 6
87 141 30 1 1 2
88 147 14 2 2 4
88 97 20 6 6 12
89 119 30 3 3 6
90 164 24 2 2 4
91 144 11 1 1 2
92 170 12 6 6 12
93 143 20 1 1 2
93 114 5 4 4 8
94 151 25 6 6 12
95 196 18 2 2 4
96 127 25 1 1 2
96 141 12 6 6 12
97 114 10 6 6 12
98 111 19 6 6 12
98 119 9 6 6 12
99 196 14 6 6 12
100 128 13 2 2 4
101 153 5 1 1 2
103 143 20 1 1 2
104 176 6 3 3 6
106 145 25 6 6 12
106 198 16 4 4 8
107 165 9 3 3 6
108 173 17 3 3 6
111 121 5 3 3 6
112 168 22 1 1 2
112 115 27 1 1 2
113 185 22 6 6 12
114 163 17 1 1 2
115 122 11 2 2 4
116 175 25 3 3 6
117 147 30 3 3 6
119 177 16 1 1 2
120 199 24 2 2 4
121 187 24 2 2 4
122 132 6 3 3 6
123 139 16 4 4 8
123 152 26 2 2 4
126 160 27 2 2 4
128 174 13 3 3 6
130 137 10 2 2 4
131 151 29 1 1 2
132 133 27 6 6 12
133 168 13 3 3 6
135 173 20 2 2 4
136 143 19 1 1 2
137 147 10 5 5 10
137 197 21 2 2 4
137 153 23 2 2 4
137 162 23 5 5 10
138 160 9 6 6 12
140 153 29 6 6 12
141 145 17 3 3 6
142 153 17 2 2 4
143 162 23 4 4 8
143 193 13 6 6 12
144 150 12 4 4 8
145 181 30 6 6 12
146 168 28 1 1 2
147 158 7 4 4 8
147 191 24 5 5 10
148 185 28 3 3 6
149 171 16 4 4 8
150 160 8 1 1 2
151 177 18 3 3 6
152 173 23 5 5 10
155 175 15 4 4 8
155 173 6 4 4 8
155 197 28 6 6 12
157 199 12 6 6 12
158 183 9 4 4 8
158 177 10 5 5 10
159 191 10 1 1 2
160 199 12 3 3 6
161 166 23 2 2 4
162 187 24 1 1 2
163 168 26 4 4 8
165 170 28 3 3 6
167 196 28 3 3 6
168 186 12 6 6 12
169 189 21 5 5 10
170 199 29 3 3 6
171 178 15 2 2 4
172 187 9 6 6 12
173 177 17 4 4 8
175 176 21 3 3 6
176 197 8 1 1 2
176 186 28 6 6 12
177 196 14 1 1 2
178 193 16 1 1 2
179 199 6 2 2 4
180 200 21 2 2 4
180 199 15 3 3 6
181 184 25 1 1 2
182 191 16 2 2 4
183 200 27 4 4 8
183 193 22 3 3 6
184 198 30 4 4 8
185 190 30 5 5 10
186 195 22 5 5 10
188 190 14 6 6 12
188 199 18 2 2 4
189 195 12 5 5 10
190 192 28 4 4 8
191 200 26 4 4 8
192 199 5 4 4 8
193 198 5 1 1 2
194 200 28 4 4 8
195 198 10 4 4 8
195 200 19 6 6 12
195 197 25 2 2 4
196 199 23 3 3 6
197 198 15 4 4 8
198 200 19 2 2 4
199 200 24 5 5 10
149 175 30 0 0 0
53 95 25 0 0 0
118 129 5 0 0 0
99 197 18 0 0 0
158 164 10 0 0 0
33 60 22 0 0 0
5 35 9 0 0 0
150 181 5 0 0 0
10 48 19 0 0 0
45 72 7 0 0 0
160 176 16 0 0 0
180 200 17 0 0 0
153 183 23 0 0 0
125 127 26 0 0 0
127 150 15 0 0 0
102 187 5 0 0 0
43 124 11 0 0 0
187 196 10 0 0 0
84 120 14 0 0 0
78 84 7 0 0 0
71 129 15 0 0 0
34 178 28 0 0 0
4 136 21 0 0 0
124 128 12 0 0 0
156 171 30 0 0 0
171 199 8 0 0 0
139 149 14 0 0 0
164 175 6 0 0 0
166 183 17 0 0 0
17 148 11 0 0 0
16 148 28 0 0 0
1 99 5 0 0 0
166 176 30 0 0 0
55 198 7 0 0 0
105 133 23 0 0 0
110 174 5 0 0 0
8 66 11 0 0 0
58 118 29 0 0 0
11 130 12 0 0 0
181 188 21 0 0 0
154 178 25 0 0 0
129 199 23 0 0 0
69 144 7 0 0 0
98 100 22 0 0 0
145 192 28 0 0 0
109 111 27 0 0 0
12 48 10 0 0 0
3 189 30 0 0 0
134 142 8 0 0 0
174 193 22 0 0 0