100 150 120
80 80 160
8 19 82 74
1 65 17 4 4 8
2 46 6 4 4 8
3 81 8 5 5 10
4 10 9 4 4 8
6 93 24 4 4 8
7 11 26 5 5 10
7 57 17 5 5 10
8 67 8 1 1 2
9 79 19 3 3 6
9 38 29 6 6 12
10 77 26 2 2 4
11 82 10 1 1 2
11 90 7 1 1 2
11 83 30 1 1 2
14 42 16 6 6 12
14 20 27 4 4 8
15 22 28 1 1 2
15 31 30 6 6 12
16 41 17 3 3 6
17 43 5 3 3 6
17 49 18 2 2 4
18 72 8 3 3 6
18 32 7 2 2 4
18 58 29 4 4 8
19 67 29 1 1 2
20 55 5 4 4 8
20 82 7 2 2 4
21 31 16 1 1 2
22 57 29 2 2 4
22 37 17 6 6 12
24 36 7 2 2 4
24 32 16 3 3 6
25 55 5 3 3 6
26 31 17 6 6 12
28 68 14 1 1 2
28 33 18 4 4 8
28 95 5 5 5 10
30 79 15 4 4 8
31 74 24 5 5 10
31 47 10 2 2 4
32 80 7 2 2 4
33 79 10 5 5 10
34 96 16 6 6 12
34 35 25 1 1 2
35 45 8 1 1 2
36 60 18 5 5 10
37 63 16 3 3 6
39 96 13 2 2 4
39 69 21 3 3 6
40 82 7 6 6 12
40 43 18 3 3 6
41 85 12 6 6 12
42 84 9 4 4 8
43 87 30 4 4 8
44 66 8 4 4 8
44 83 19 4 4 8
45 88 5 5 5 10
45 71 9 4 4 8
46 83 23 5 5 10
47 94 9 3 3 6
48 58 25 5 5 10
48 83 24 2 2 4
49 82 15 3 3 6
50 81 15 6 6 12
51 67 12 1 1 2
52 72 12 4 4 8
52 82 29 2 2 4
52 78 28 2 2 4
52 83 14 3 3 6
53 75 27 4 4 8
54 59 21 6 6 12
55 70 7 6 6 12
57 89 24 3 3 6
58 97 12 5 5 10
59 84 11 6 6 12
60 90 6 5 5 10
61 87 28 2 2 4
62 72 18 3 3 6
63 97 22 3 3 6
63 98 19 2 2 4
64 72 20 6 6 12
65 75 26 6 6 12
65 85 20 2 2 4
68 69 28 6 6 12
69 76 24 4 4 8
70 75 13 4 4 8
71 88 16 2 2 4
72 99 9 2 2 4
73 97 6 2 2 4
74 84 30 2 2 4
74 76 28 2 2 4
75 93 20 6 6 12
77 78 23 6 6 12
78 93 8 1 1 2
78 99 8 2 2 4
79 95 30 3 3 6
80 87 14 1 1 2
80 92 23 3 3 6
81 90 30 1 1 2
81 92 6 1 1 2
82 85 6 4 4 8
83 89 7 4 4 8
84 88 18 3 3 6
86 95 6 2 2 4
87 94 5 5 5 10
87 94 18 2 2 4
88 94 14 6 6 12
92 98 11 6 6 12
93 96 18 3 3 6
93 94 19 3 3 6
94 98 9 5 5 10
94 97 13 1 1 2
95 96 23 5 5 10
95 98 22 1 1 2
96 97 20 1 1 2
97 98 13 6 6 12
97 99 13 2 2 4
98 100 11 6 6 12
99 100 12 2 2 4
99 100 21 6 6 12
27 44 14 0 0 0
89 96 23 0 0 0
90 97 20 0 0 0
56 97 28 0 0 0
23 43 14 0 0 0
76 85 13 0 0 0
79 94 28 0 0 0
94 96 6 0 0 0
67 88 17 0 0 0
38 81 6 0 0 0
91 97 27 0 0 0
12 18 8 0 0 0
66 72 17 0 0 0
83 89 28 0 0 0
15 66 16 0 0 0
5 51 28 0 0 0
60 61 8 0 0 0
63 76 6 0 0 0
62 75 19 0 0 0
59 71 28 0 0 0
78 80 25 0 0 0
13 23 13 0 0 0
85 98 20 0 0 0
12 54 23 0 0 0
5 37 10 0 0 0
85 95 27 0 0 0
8 62 18 0 0 0
29 44 9 0 0 0
50 52 17 0 0 0
35 67 30 0 0 0