100 150 120
200
41 71 68 20
1 82 14 12
1 42 26 24
3 21 23 20
4 12 22 20
6 39 27 8
7 18 17 16
8 30 23 24
8 92 27 4
9 74 17 20
9 31 20 12
10 62 6 8
10 44 7 24
11 46 5 24
11 70 12 12
12 89 9 4
13 60 10 16
15 78 7 12
15 26 19 24
16 74 29 8
17 67 10 24
18 27 21 8
19 36 23 8
19 24 18 20
19 49 12 24
20 82 14 4
21 24 14 24
22 38 15 4
23 31 6 8
24 38 28 20
24 25 29 24
25 97 19 12
26 39 11 24
27 31 8 4
29 98 8 20
30 82 11 16
31 77 24 4
32 84 25 20
33 98 10 4
34 41 9 16
35 53 30 16
35 82 30 16
37 60 13 4
37 69 10 24
37 85 9 8
38 79 15 16
38 65 15 8
39 91 14 20
40 81 28 20
41 55 10 16
43 60 27 24
44 58 13 12
45 84 16 8
45 79 26 16
45 90 9 12
46 99 19 4
46 51 12 4
47 67 26 24
48 55 16 12
49 78 29 12
50 77 7 8
51 80 16 4
51 67 15 12
52 54 7 4
53 87 20 8
53 72 9 12
54 71 29 24
55 62 15 20
55 61 26 20
56 66 25 20
56 74 30 16
57 65 10 24
58 94 17 12
59 73 27 8
60 68 27 12
61 72 5 16
62 79 7 4
63 89 26 20
64 76 18 20
65 66 28 16
65 81 19 20
67 90 27 8
68 83 11 12
69 88 15 20
69 84 24 24
70 72 21 4
70 92 18 4
71 98 25 8
72 90 13 16
74 89 29 4
75 84 6 12
75 83 20 8
76 94 13 4
76 90 16 8
77 100 23 4
77 96 19 8
80 98 21 16
81 88 22 16
81 99 23 4
81 94 27 8
82 94 13 4
83 98 30 8
84 92 23 16
84 98 5 16
85 94 16 20
85 86 21 24
86 91 22 16
86 88 10 20
87 96 18 16
88 90 18 20
90 91 10 4
92 95 19 12
93 99 29 16
94 98 27 8
95 99 24 16
96 98 5 8
96 97 19 8
97 98 22 8
98 100 13 24
99 100 27 4
99 100 14 16
42 58 25 0
92 99 23 0
9 42 21 0
51 71 6 0
89 91 28 0
70 88 19 0
14 48 12 0
41 72 13 0
3 6 19 0
49 98 28 0
5 10 12 0
66 97 22 0
5 65 23 0
49 97 17 0
73 78 6 0
61 63 14 0
97 99 22 0
36 80 18 0
81 93 23 0
53 68 28 0
91 93 24 0
58 71 21 0
71 82 25 0
51 88 14 0
2 36 26 0
79 83 25 0
78 97 20 0
34 83 15 0
34 96 26 0
28 54 11 0