250 300 220
360
246 36 96 99 182 111 215
2 233 16 8
3 54 21 16
4 212 14 4
4 246 12 24
5 203 9 20
6 113 21 12
7 159 18 8
8 68 9 12
9 100 6 8
10 106 22 20
11 22 27 4
12 150 10 12
13 30 10 20
14 52 14 4
15 109 27 4
17 62 30 16
20 165 15 8
21 109 12 24
22 23 17 12
24 90 19 4
25 85 12 8
26 45 10 4
30 103 28 8
31 237 19 12
32 223 24 4
33 202 30 12
33 109 9 24
35 117 19 24
35 40 27 20
36 75 16 12
38 174 29 8
39 158 19 20
40 156 22 20
41 179 12 4
42 43 19 12
43 85 30 12
44 101 30 16
45 76 11 24
46 199 26 16
47 142 14 16
48 146 12 20
49 59 22 20
50 144 12 4
52 95 7 16
53 167 30 4
54 124 12 8
57 151 12 8
58 233 19 12
59 182 16 12
60 75 10 12
61 221 26 8
61 212 9 24
62 245 5 12
63 115 28 4
64 65 18 12
65 72 24 16
66 100 8 12
66 212 7 12
67 133 16 8
68 237 14 8
69 136 29 16
70 93 10 24
71 209 28 24
72 97 27 24
73 224 12 24
74 208 30 24
76 238 20 4
77 230 9 20
79 211 9 8
82 105 12 16
83 127 17 8
84 220 19 16
85 150 10 24
86 195 11 24
86 249 22 4
89 236 27 8
90 181 12 12
91 179 30 8
92 134 29 12
94 187 16 16
94 137 21 16
95 214 11 8
96 248 21 20
97 144 24 20
98 217 6 20
102 198 30 8
103 216 9 12
104 111 14 16
105 215 25 16
106 206 18 16
106 239 10 24
111 125 7 12
112 177 28 24
113 162 23 8
114 142 15 4
114 197 23 24
115 118 26 12
116 150 8 20
117 243 22 12
119 141 9 8
119 124 28 16
120 132 10 12
121 169 28 24
122 231 17 24
123 222 26 8
124 136 12 16
125 203 28 12
127 162 30 16
128 212 8 24
129 201 9 12
130 162 12 4
131 222 17 24
132 158 22 8
133 230 28 24
134 196 17 24
134 163 6 24
135 215 12 8
136 232 18 24
137 143 12 4
137 225 18 8
137 163 24 20
138 201 10 16
139 247 9 4
140 191 16 12
142 157 8 20
142 185 29 16
143 236 5 16
144 205 11 12
145 235 23 4
146 225 12 24
147 158 14 12
148 230 8 16
149 227 27 20
151 237 25 12
152 189 25 4
153 210 15 16
154 164 30 8
155 170 7 12
156 164 28 12
157 226 6 8
158 186 19 8
159 189 17 20
160 210 16 12
161 199 14 12
162 248 5 24
164 242 9 24
165 182 8 4
166 188 11 20
167 233 26 8
168 234 21 20
169 190 20 8
170 201 19 20
172 194 24 20
172 210 9 8
173 238 29 12
174 179 14 8
175 244 15 24
176 199 14 4
177 191 11 20
181 221 17 24
181 239 26 12
182 183 28 8
183 233 19 8
184 220 20 4
185 214 6 24
186 222 25 20
187 232 28 12
189 241 9 8
191 211 18 8
192 199 6 4
193 217 5 4
194 228 15 12
196 243 14 24
197 229 11 8
199 239 15 24
200 209 24 4
201 208 24 20
201 245 12 24
202 235 14 24
203 217 15 4
204 246 17 12
207 228 10 24
208 247 17 20
209 232 16 4
212 226 18 12
214 223 9 8
214 215 9 12
215 250 10 4
216 236 28 8
217 222 27 16
218 226 29 8
218 236 22 16
219 230 5 20
220 233 12 20
221 241 30 4
223 243 9 4
224 241 21 8
225 250 12 12
226 242 26 16
226 232 30 8
227 231 13 20
227 231 8 8
228 233 23 12
230 246 9 24
232 242 19 16
233 242 6 4
234 236 28 4
235 245 13 20
236 246 28 24
237 241 5 24
238 246 30 8
239 243 15 24
241 249 6 8
242 247 27 20
243 248 29 24
244 246 10 4
245 246 13 8
246 249 22 16
247 250 11 8
249 250 16 8
126 146 5 0
99 184 12 0
51 72 28 0
56 219 5 0
108 165 26 0
159 229 6 0
128 166 10 0
75 107 8 0
19 218 17 0
109 188 27 0
130 224 8 0
89 187 13 0
195 216 30 0
29 114 27 0
171 244 6 0
80 123 13 0
110 113 29 0
163 220 27 0
87 197 20 0
18 173 15 0
231 249 22 0
205 211 10 0
88 104 29 0
32 85 27 0
23 195 9 0
188 200 5 0
55 221 10 0
101 154 17 0
28 239 22 0
22 95 27 0
190 206 10 0
118 172 17 0
206 209 7 0
1 103 12 0
167 213 28 0
14 50 8 0
211 225 24 0
210 223 11 0
179 238 24 0
2 121 28 0
34 99 12 0
117 118 9 0
8 168 28 0
16 182 5 0
180 239 29 0
37 58 19 0
112 165 9 0
229 238 6 0
92 186 9 0
34 158 18 0
58 65 11 0
240 241 19 0
248 249 9 0
163 182 18 0
55 193 29 0
31 44 29 0
143 245 19 0
93 111 21 0
215 225 29 0
198 219 15 0
109 243 20 0
159 240 10 0
222 232 26 0
1 234 14 0
138 204 5 0
27 85 5 0
178 200 15 0
81 209 30 0
150 157 7 0
106 109 12 0
190 219 21 0
169 249 23 0
107 137 13 0
141 155 27 0
104 161 7 0
100 229 22 0
124 164 20 0
185 222 7 0
78 175 20 0
213 246 15 0