250 300 220
50 50 100
10 24 14 19 83 155 210
1 62 9 4 4 8
2 191 24 1 1 2
3 195 19 1 1 2
4 22 29 1 1 2
6 47 18 4 4 8
7 8 10 1 1 2
7 206 23 6 6 12
8 117 20 5 5 10
10 241 11 3 3 6
11 172 6 5 5 10
13 241 22 4 4 8
14 108 19 6 6 12
16 51 10 6 6 12
17 78 9 3 3 6
18 220 17 5 5 10
19 33 19 4 4 8
19 164 6 4 4 8
21 224 10 1 1 2
22 190 10 2 2 4
24 55 16 3 3 6
26 243 12 5 5 10
27 172 16 2 2 4
28 125 25 2 2 4
29 31 18 2 2 4
31 113 16 1 1 2
32 192 28 5 5 10
33 92 8 1 1 2
34 197 25 6 6 12
35 137 18 5 5 10
36 152 19 6 6 12
37 77 6 1 1 2
38 194 19 6 6 12
39 187 29 1 1 2
40 59 10 6 6 12
41 106 10 3 3 6
41 208 5 1 1 2
42 193 9 3 3 6
43 111 11 6 6 12
44 118 10 3 3 6
46 191 19 6 6 12
46 170 23 1 1 2
49 101 16 1 1 2
50 104 25 4 4 8
51 145 8 6 6 12
53 104 8 5 5 10
54 135 29 1 1 2
55 90 28 1 1 2
55 177 11 2 2 4
58 77 18 4 4 8
59 82 14 6 6 12
60 93 23 4 4 8
61 134 17 2 2 4
63 67 16 6 6 12
64 243 5 2 2 4
65 96 10 1 1 2
66 170 7 2 2 4
68 81 27 6 6 12
68 231 18 6 6 12
69 160 13 2 2 4
72 150 9 4 4 8
73 178 23 6 6 12
73 212 29 3 3 6
75 129 29 1 1 2
75 134 10 6 6 12
79 121 11 3 3 6
80 130 6 3 3 6
81 162 22 5 5 10
82 177 6 3 3 6
83 157 21 2 2 4
84 178 25 4 4 8
85 215 18 5 5 10
85 91 9 2 2 4
87 240 28 2 2 4
88 133 18 1 1 2
90 113 24 6 6 12
91 210 6 3 3 6
92 201 15 3 3 6
93 109 12 4 4 8
94 189 30 4 4 8
94 169 29 3 3 6
94 109 18 2 2 4
95 186 8 1 1 2
96 197 27 3 3 6
98 105 30 4 4 8
99 248 17 6 6 12
101 213 29 2 2 4
101 102 17 2 2 4
102 125 17 5 5 10
103 105 11 3 3 6
104 248 19 2 2 4
105 204 22 2 2 4
106 167 10 6 6 12
107 172 15 3 3 6
108 226 17 1 1 2
109 155 16 6 6 12
110 201 27 5 5 10
112 185 8 2 2 4
113 144 21 1 1 2
114 116 26 1 1 2
115 116 10 5 5 10
116 153 18 3 3 6
116 194 16 3 3 6
116 243 6 4 4 8
118 172 15 5 5 10
119 230 29 3 3 6
121 132 29 6 6 12
121 197 18 4 4 8
122 188 9 1 1 2
123 215 29 5 5 10
123 200 23 1 1 2
123 207 30 5 5 10
124 128 16 4 4 8
126 133 20 1 1 2
127 218 25 4 4 8
128 218 6 1 1 2
131 147 13 6 6 12
134 236 13 3 3 6
135 232 15 1 1 2
135 224 27 6 6 12
137 245 13 5 5 10
138 164 14 4 4 8
139 181 9 1 1 2
139 244 26 4 4 8
140 220 25 2 2 4
141 189 15 1 1 2
142 163 16 1 1 2
143 147 18 6 6 12
144 187 20 6 6 12
145 179 11 4 4 8
147 200 22 2 2 4
148 236 21 2 2 4
149 213 6 6 6 12
150 159 14 1 1 2
151 221 7 3 3 6
152 244 12 5 5 10
154 176 13 4 4 8
155 199 20 2 2 4
156 243 18 5 5 10
157 199 28 4 4 8
158 185 29 1 1 2
160 223 5 4 4 8
161 250 8 5 5 10
163 240 26 6 6 12
164 166 21 6 6 12
165 246 24 6 6 12
166 221 11 5 5 10
167 189 12 2 2 4
168 193 11 4 4 8
170 245 30 5 5 10
170 212 8 4 4 8
171 228 21 2 2 4
172 228 19 5 5 10
173 197 8 5 5 10
175 249 28 5 5 10
176 228 15 4 4 8
177 200 9 2 2 4
178 240 29 5 5 10
180 232 17 6 6 12
180 218 17 1 1 2
182 219 18 4 4 8
183 190 16 4 4 8
183 216 21 6 6 12
185 199 7 4 4 8
186 234 30 2 2 4
187 207 12 6 6 12
188 203 25 2 2 4
189 213 16 5 5 10
190 241 26 5 5 10
191 246 8 3 3 6
192 224 26 6 6 12
193 209 25 3 3 6
195 208 10 5 5 10
196 232 7 4 4 8
197 227 7 4 4 8
198 217 12 2 2 4
199 222 12 5 5 10
200 224 21 6 6 12
202 224 11 1 1 2
203 230 22 6 6 12
203 212 7 4 4 8
204 219 10 5 5 10
205 213 26 4 4 8
206 245 23 4 4 8
207 230 30 3 3 6
208 232 15 4 4 8
208 235 30 4 4 8
209 217 19 3 3 6
211 222 30 1 1 2
212 223 22 3 3 6
215 233 21 3 3 6
216 237 27 1 1 2
217 218 30 5 5 10
222 227 17 1 1 2
223 241 24 1 1 2
225 234 25 5 5 10
226 239 15 3 3 6
230 241 30 3 3 6
231 233 21 3 3 6
232 248 18 4 4 8
232 244 13 2 2 4
232 247 30 4 4 8
233 249 18 5 5 10
234 235 29 4 4 8
236 245 13 1 1 2
237 238 9 2 2 4
238 239 13 3 3 6
239 241 13 4 4 8
240 249 18 6 6 12
241 249 6 5 5 10
242 246 15 5 5 10
244 246 9 1 1 2
245 248 10 6 6 12
245 250 29 6 6 12
245 247 19 2 2 4
246 248 12 3 3 6
247 249 28 4 4 8
248 250 11 2 2 4
248 250 28 2 2 4
249 250 25 5 5 10
249 250 20 3 3 6
218 242 20 0 0 0
120 151 6 0 0 0
169 231 18 0 0 0
77 130 20 0 0 0
70 192 22 0 0 0
78 224 15 0 0 0
217 247 9 0 0 0
243 245 15 0 0 0
153 190 13 0 0 0
46 231 15 0 0 0
86 208 7 0 0 0
143 144 12 0 0 0
67 105 10 0 0 0
140 215 10 0 0 0
129 155 15 0 0 0
5 242 6 0 0 0
214 233 17 0 0 0
159 220 20 0 0 0
210 211 29 0 0 0
162 235 20 0 0 0
30 245 10 0 0 0
227 235 16 0 0 0
57 211 9 0 0 0
204 224 21 0 0 0
132 237 14 0 0 0
181 227 25 0 0 0
190 241 5 0 0 0
235 243 21 0 0 0
20 67 14 0 0 0
71 172 17 0 0 0
15 187 9 0 0 0
125 164 24 0 0 0
202 242 20 0 0 0
179 241 15 0 0 0
229 238 5 0 0 0
108 129 17 0 0 0
89 218 14 0 0 0
45 136 20 0 0 0
65 179 20 0 0 0
62 158 17 0 0 0
242 250 22 0 0 0
220 243 26 0 0 0
56 240 11 0 0 0
211 230 5 0 0 0
97 103 12 0 0 0
25 187 11 0 0 0
118 221 11 0 0 0
52 174 29 0 0 0
64 206 19 0 0 0
174 195 16 0 0 0
117 125 22 0 0 0
146 198 9 0 0 0
62 207 28 0 0 0
139 239 12 0 0 0
17 110 7 0 0 0
30 115 12 0 0 0
9 185 16 0 0 0
221 237 24 0 0 0
44 144 28 0 0 0
100 117 13 0 0 0
76 148 23 0 0 0
23 243 8 0 0 0
219 237 14 0 0 0
213 232 14 0 0 0
136 229 7 0 0 0
184 205 9 0 0 0
111 189 20 0 0 0
228 247 6 0 0 0
194 249 17 0 0 0
152 167 8 0 0 0
5 107 5 0 0 0
133 214 19 0 0 0
201 217 18 0 0 0
47 79 27 0 0 0
48 147 16 0 0 0
74 96 17 0 0 0
130 216 11 0 0 0
12 184 28 0 0 0
131 231 11 0 0 0
224 236 18 0 0 0