150 200 160
360
29 63 46 70 120
1 65 20 16
2 64 22 12
3 13 18 12
4 137 22 20
5 69 13 8
6 134 24 8
7 14 18 12
8 83 30 20
9 20 27 8
10 78 23 4
11 145 11 24
12 62 15 16
13 62 17 12
13 96 18 8
14 69 6 20
15 78 26 12
16 146 25 12
17 106 27 12
18 80 18 16
18 105 18 20
19 83 15 24
21 61 5 24
22 94 9 16
24 110 23 16
24 92 17 20
25 103 13 12
26 105 22 12
26 85 24 24
27 98 24 12
28 86 16 20
28 129 8 24
29 131 19 16
30 146 11 20
31 126 15 16
32 45 29 12
33 80 22 4
34 121 17 16
36 83 9 16
38 67 29 12
39 72 12 8
40 143 30 8
41 49 20 4
42 96 29 20
44 127 22 24
45 147 22 16
46 64 21 4
48 83 19 4
50 67 21 4
51 54 28 20
51 67 6 16
52 144 17 12
54 134 14 8
55 143 16 24
56 122 18 16
57 141 22 8
58 68 27 4
58 78 12 12
59 119 15 12
60 133 25 24
61 116 13 4
62 76 15 8
63 149 26 4
64 76 5 20
65 111 6 24
66 106 21 16
66 68 9 16
66 120 8 8
67 103 16 24
68 123 21 20
69 132 7 4
69 76 30 24
70 105 18 12
72 135 6 16
73 96 30 8
74 120 23 8
75 115 24 20
76 106 19 4
76 94 5 24
78 88 22 24
78 146 25 12
79 99 11 16
79 93 9 16
80 97 19 8
81 129 9 20
82 126 6 20
84 128 26 8
86 104 28 4
87 90 28 20
87 104 14 20
88 119 26 20
89 107 19 12
89 104 16 8
90 114 24 24
91 111 21 20
93 96 18 20
94 97 12 20
96 143 19 4
97 110 27 20
101 116 12 8
101 117 30 24
101 134 16 8
102 103 19 16
103 143 5 4
103 141 12 24
104 125 23 24
105 141 13 20
106 124 10 20
107 119 29 4
108 145 30 8
109 145 30 4
110 143 30 24
112 118 23 20
113 124 27 24
113 136 25 16
113 133 12 4
114 121 18 12
114 131 7 16
115 128 6 24
117 136 6 16
118 137 10 8
119 145 23 20
120 135 11 4
121 129 19 16
121 125 20 8
122 135 8 8
122 143 8 24
123 126 19 24
125 132 7 8
126 144 24 12
126 143 13 20
126 127 9 24
127 147 7 16
128 129 10 4
129 149 15 24
130 140 15 20
132 137 21 8
132 134 9 12
133 144 26 8
134 136 24 4
134 140 23 4
135 139 10 20
137 148 22 4
138 149 12 20
139 149 16 16
140 142 29 4
140 146 11 8
140 142 7 12
141 145 26 24
142 150 22 4
143 149 30 20
143 150 24 4
144 146 15 8
144 148 13 12
145 146 24 12
145 148 27 16
146 148 8 8
147 150 26 24
148 150 18 16
148 149 28 16
149 150 5 4
116 127 7 0
20 64 7 0
92 100 26 0
49 132 13 0
8 34 9 0
47 147 11 0
55 78 6 0
32 112 30 0
98 106 25 0
123 140 22 0
77 137 5 0
124 139 9 0
115 135 13 0
53 72 27 0
131 145 27 0
79 100 29 0
99 123 11 0
111 127 24 0
83 122 10 0
28 147 17 0
128 142 24 0
78 84 30 0
37 124 10 0
56 111 23 0
82 142 22 0
106 129 9 0
43 99 14 0
136 137 30 0
29 52 17 0
52 106 15 0
23 119 6 0
91 114 7 0
85 96 10 0
71 144 29 0
100 101 11 0
95 110 15 0
87 132 9 0
65 109 29 0
35 91 29 0
18 49 17 0