100 150 120
50 50 100
41 71 68 20
1 82 14 3 3 6
1 42 26 6 6 12
3 21 23 5 5 10
4 12 22 5 5 10
6 39 27 2 2 4
7 18 17 4 4 8
8 30 23 6 6 12
8 92 27 1 1 2
9 74 17 5 5 10
9 31 20 3 3 6
10 62 6 2 2 4
10 44 7 6 6 12
11 46 5 6 6 12
11 70 12 3 3 6
12 89 9 1 1 2
13 60 10 4 4 8
15 78 7 3 3 6
15 26 19 6 6 12
16 74 29 2 2 4
17 67 10 6 6 12
18 27 21 2 2 4
19 36 23 2 2 4
19 24 18 5 5 10
19 49 12 6 6 12
20 82 14 1 1 2
21 24 14 6 6 12
22 38 15 1 1 2
23 31 6 2 2 4
24 38 28 5 5 10
24 25 29 6 6 12
25 97 19 3 3 6
26 39 11 6 6 12
27 31 8 1 1 2
29 98 8 5 5 10
30 82 11 4 4 8
31 77 24 1 1 2
32 84 25 5 5 10
33 98 10 1 1 2
34 41 9 4 4 8
35 53 30 4 4 8
35 82 30 4 4 8
37 60 13 1 1 2
37 69 10 6 6 12
37 85 9 2 2 4
38 79 15 4 4 8
38 65 15 2 2 4
39 91 14 5 5 10
40 81 28 5 5 10
41 55 10 4 4 8
43 60 27 6 6 12
44 58 13 3 3 6
45 84 16 2 2 4
45 79 26 4 4 8
45 90 9 3 3 6
46 99 19 1 1 2
46 51 12 1 1 2
47 67 26 6 6 12
48 55 16 3 3 6
49 78 29 3 3 6
50 77 7 2 2 4
51 80 16 1 1 2
51 67 15 3 3 6
52 54 7 1 1 2
53 87 20 2 2 4
53 72 9 3 3 6
54 71 29 6 6 12
55 62 15 5 5 10
55 61 26 5 5 10
56 66 25 5 5 10
56 74 30 4 4 8
57 65 10 6 6 12
58 94 17 3 3 6
59 73 27 2 2 4
60 68 27 3 3 6
61 72 5 4 4 8
62 79 7 1 1 2
63 89 26 5 5 10
64 76 18 5 5 10
65 66 28 4 4 8
65 81 19 5 5 10
67 90 27 2 2 4
68 83 11 3 3 6
69 88 15 5 5 10
69 84 24 6 6 12
70 72 21 1 1 2
70 92 18 1 1 2
71 98 25 2 2 4
72 90 13 4 4 8
74 89 29 1 1 2
75 84 6 3 3 6
75 83 20 2 2 4
76 94 13 1 1 2
76 90 16 2 2 4
77 100 23 1 1 2
77 96 19 2 2 4
80 98 21 4 4 8
81 88 22 4 4 8
81 99 23 1 1 2
81 94 27 2 2 4
82 94 13 1 1 2
83 98 30 2 2 4
84 92 23 4 4 8
84 98 5 4 4 8
85 94 16 5 5 10
85 86 21 6 6 12
86 91 22 4 4 8
86 88 10 5 5 10
87 96 18 4 4 8
88 90 18 5 5 10
90 91 10 1 1 2
92 95 19 3 3 6
93 99 29 4 4 8
94 98 27 2 2 4
95 99 24 4 4 8
96 98 5 2 2 4
96 97 19 2 2 4
97 98 22 2 2 4
98 100 13 6 6 12
99 100 27 1 1 2
99 100 14 4 4 8
42 58 25 0 0 0
92 99 23 0 0 0
9 42 21 0 0 0
51 71 6 0 0 0
89 91 28 0 0 0
70 88 19 0 0 0
14 48 12 0 0 0
41 72 13 0 0 0
3 6 19 0 0 0
49 98 28 0 0 0
5 10 12 0 0 0
66 97 22 0 0 0
5 65 23 0 0 0
49 97 17 0 0 0
73 78 6 0 0 0
61 63 14 0 0 0
97 99 22 0 0 0
36 80 18 0 0 0
81 93 23 0 0 0
53 68 28 0 0 0
91 93 24 0 0 0
58 71 21 0 0 0
71 82 25 0 0 0
51 88 14 0 0 0
2 36 26 0 0 0
79 83 25 0 0 0
78 97 20 0 0 0
34 83 15 0 0 0
34 96 26 0 0 0
28 54 11 0 0 0