100 150 120
60 60 120
44 40 12 8
1 51 14 1 1 2
2 52 9 2 2 4
3 77 25 6 6 12
3 34 10 2 2 4
4 29 28 4 4 8
5 48 21 1 1 2
6 15 13 6 6 12
6 24 21 4 4 8
8 78 9 5 5 10
10 60 5 1 1 2
10 31 9 1 1 2
11 98 7 2 2 4
12 99 5 1 1 2
13 97 29 5 5 10
14 47 10 6 6 12
15 35 6 3 3 6
15 77 12 2 2 4
16 33 30 2 2 4
16 61 21 6 6 12
17 37 12 3 3 6
18 32 29 1 1 2
19 27 15 1 1 2
20 63 19 4 4 8
21 58 11 6 6 12
22 90 22 6 6 12
23 55 21 3 3 6
23 76 6 3 3 6
23 38 14 1 1 2
24 90 25 4 4 8
24 81 25 2 2 4
25 84 17 5 5 10
26 70 7 2 2 4
27 83 27 6 6 12
28 34 26 3 3 6
29 95 7 5 5 10
30 91 11 1 1 2
32 75 23 2 2 4
33 90 17 2 2 4
34 57 17 5 5 10
35 46 12 5 5 10
35 57 7 6 6 12
36 91 14 2 2 4
37 41 5 6 6 12
38 48 5 3 3 6
39 60 21 4 4 8
40 72 12 6 6 12
42 57 26 2 2 4
43 78 24 3 3 6
44 62 21 4 4 8
44 45 21 6 6 12
45 57 23 2 2 4
46 48 30 3 3 6
47 72 12 2 2 4
49 54 21 5 5 10
51 100 5 6 6 12
52 85 22 3 3 6
52 87 29 6 6 12
53 76 16 3 3 6
54 70 8 2 2 4
56 69 22 2 2 4
56 68 24 5 5 10
58 91 24 6 6 12
58 64 22 3 3 6
59 88 23 5 5 10
61 66 30 3 3 6
62 73 7 2 2 4
63 87 26 6 6 12
63 64 19 1 1 2
64 84 21 4 4 8
65 83 13 5 5 10
65 74 17 6 6 12
66 95 30 6 6 12
66 79 11 5 5 10
67 99 8 6 6 12
68 95 15 5 5 10
69 93 25 4 4 8
69 90 16 6 6 12
69 81 20 5 5 10
70 77 30 5 5 10
72 100 7 6 6 12
72 93 26 1 1 2
73 94 13 4 4 8
74 85 25 2 2 4
75 95 23 3 3 6
75 97 15 1 1 2
76 94 17 2 2 4
77 96 14 2 2 4
78 92 16 3 3 6
79 96 30 6 6 12
80 92 23 5 5 10
80 83 13 5 5 10
81 94 30 6 6 12
82 84 18 3 3 6
83 89 22 6 6 12
84 90 25 6 6 12
84 91 8 3 3 6
84 88 18 2 2 4
85 98 9 2 2 4
86 96 11 3 3 6
86 90 17 4 4 8
87 93 29 4 4 8
87 95 14 1 1 2
87 90 22 6 6 12
89 90 26 4 4 8
90 95 22 1 1 2
91 96 18 4 4 8
92 93 28 6 6 12
93 100 5 5 5 10
94 96 16 2 2 4
94 100 16 6 6 12
95 97 27 4 4 8
95 98 25 6 6 12
95 100 13 4 4 8
95 97 29 5 5 10
96 100 22 5 5 10
96 99 26 6 6 12
97 99 9 3 3 6
98 99 14 2 2 4
99 100 19 6 6 12
99 100 20 5 5 10
64 75 26 0 0 0
84 87 9 0 0 0
26 93 10 0 0 0
62 67 22 0 0 0
60 87 29 0 0 0
80 87 28 0 0 0
47 77 11 0 0 0
7 94 14 0 0 0
55 62 23 0 0 0
45 83 25 0 0 0
63 93 7 0 0 0
31 87 17 0 0 0
81 94 25 0 0 0
78 81 19 0 0 0
93 98 9 0 0 0
41 98 17 0 0 0
64 80 28 0 0 0
80 91 29 0 0 0
48 81 20 0 0 0
71 86 9 0 0 0
90 98 23 0 0 0
88 95 11 0 0 0
48 62 11 0 0 0
98 99 8 0 0 0
25 57 16 0 0 0
50 65 25 0 0 0
57 65 7 0 0 0
9 56 13 0 0 0
59 64 13 0 0 0
56 78 17 0 0 0