250 300 220
80 80 160
200 139 213 102 117 141 59
1 223 13 6 6 12
1 210 19 4 4 8
3 78 15 1 1 2
4 222 15 2 2 4
5 182 19 1 1 2
5 116 22 3 3 6
6 216 10 2 2 4
7 91 9 1 1 2
8 153 7 6 6 12
9 174 14 4 4 8
10 131 29 5 5 10
11 210 8 3 3 6
12 51 30 2 2 4
13 119 11 3 3 6
14 44 23 6 6 12
15 116 26 3 3 6
16 29 7 3 3 6
17 247 5 3 3 6
18 38 13 1 1 2
20 69 11 3 3 6
21 33 8 1 1 2
23 66 6 6 6 12
23 171 23 6 6 12
25 102 5 2 2 4
25 67 10 5 5 10
26 201 9 2 2 4
27 65 15 3 3 6
28 68 19 5 5 10
29 88 24 4 4 8
30 121 14 3 3 6
31 202 8 1 1 2
32 96 12 4 4 8
33 204 16 6 6 12
34 93 28 4 4 8
36 107 9 3 3 6
37 67 27 1 1 2
37 214 5 2 2 4
38 163 19 4 4 8
38 247 17 6 6 12
39 136 23 5 5 10
40 80 7 4 4 8
42 67 8 4 4 8
43 84 19 2 2 4
44 137 16 2 2 4
46 197 17 6 6 12
47 242 10 4 4 8
47 153 12 5 5 10
48 227 29 1 1 2
49 201 7 1 1 2
50 92 29 6 6 12
51 215 21 2 2 4
52 157 9 5 5 10
53 142 22 6 6 12
54 186 12 2 2 4
54 77 17 6 6 12
57 136 23 2 2 4
59 152 19 6 6 12
60 111 14 4 4 8
61 222 17 2 2 4
62 192 27 2 2 4
63 144 21 1 1 2
64 230 28 2 2 4
65 86 20 4 4 8
66 241 16 3 3 6
67 177 10 1 1 2
68 180 13 1 1 2
70 158 10 4 4 8
71 237 10 3 3 6
72 128 9 1 1 2
72 224 5 1 1 2
73 243 15 2 2 4
75 225 7 4 4 8
76 225 30 1 1 2
77 154 7 5 5 10
78 89 17 5 5 10
79 109 26 1 1 2
80 131 10 6 6 12
81 241 6 2 2 4
82 170 22 2 2 4
83 101 21 6 6 12
85 202 21 4 4 8
86 183 30 6 6 12
87 147 26 5 5 10
88 104 17 1 1 2
89 205 25 6 6 12
90 135 13 6 6 12
91 240 23 6 6 12
92 239 17 1 1 2
93 172 22 4 4 8
94 157 15 5 5 10
95 105 13 1 1 2
97 196 9 6 6 12
99 178 16 2 2 4
99 143 22 2 2 4
100 166 26 6 6 12
101 129 26 5 5 10
102 158 26 6 6 12
103 236 5 2 2 4
104 157 22 4 4 8
106 170 7 2 2 4
106 126 11 2 2 4
107 155 25 2 2 4
108 243 22 1 1 2
108 136 21 5 5 10
112 180 14 3 3 6
114 250 17 6 6 12
115 243 19 5 5 10
117 119 8 2 2 4
117 239 11 6 6 12
118 236 27 5 5 10
120 180 12 1 1 2
120 138 30 3 3 6
121 188 5 1 1 2
123 138 22 3 3 6
124 225 25 5 5 10
125 148 18 4 4 8
127 187 29 1 1 2
129 209 24 3 3 6
130 149 17 3 3 6
131 148 24 1 1 2
131 245 10 6 6 12
131 217 21 6 6 12
132 207 23 2 2 4
133 190 24 4 4 8
134 157 25 5 5 10
136 210 5 2 2 4
139 199 26 2 2 4
140 215 15 1 1 2
141 184 19 1 1 2
143 155 29 1 1 2
143 210 9 2 2 4
143 195 20 2 2 4
144 173 19 5 5 10
146 195 15 3 3 6
147 174 29 1 1 2
147 245 14 5 5 10
149 218 29 3 3 6
150 151 27 1 1 2
151 167 15 3 3 6
152 169 9 2 2 4
153 200 18 6 6 12
154 175 8 4 4 8
155 206 8 5 5 10
156 190 26 3 3 6
157 188 7 3 3 6
158 242 6 2 2 4
159 210 24 3 3 6
160 249 25 1 1 2
160 205 10 4 4 8
161 195 25 3 3 6
162 216 7 6 6 12
163 193 12 6 6 12
164 184 12 3 3 6
165 246 8 4 4 8
166 213 23 5 5 10
169 238 20 2 2 4
170 226 21 5 5 10
172 181 21 6 6 12
173 194 16 5 5 10
174 246 14 5 5 10
176 210 12 3 3 6
176 205 9 6 6 12
177 215 25 6 6 12
178 238 24 1 1 2
180 185 24 2 2 4
182 191 15 6 6 12
183 213 26 6 6 12
185 191 21 5 5 10
186 192 12 5 5 10
187 229 10 3 3 6
188 249 15 1 1 2
189 250 14 6 6 12
190 232 17 2 2 4
191 213 9 4 4 8
192 200 13 1 1 2
194 220 17 5 5 10
196 250 10 6 6 12
197 217 22 2 2 4
198 218 27 4 4 8
199 215 19 4 4 8
200 209 27 6 6 12
201 242 25 4 4 8
202 221 27 4 4 8
203 206 14 3 3 6
206 211 27 3 3 6
207 238 24 6 6 12
208 231 27 6 6 12
209 250 11 1 1 2
211 237 10 1 1 2
212 235 26 2 2 4
213 216 27 5 5 10
214 230 11 3 3 6
215 246 14 4 4 8
217 242 25 3 3 6
217 226 25 6 6 12
218 239 23 3 3 6
219 241 7 3 3 6
220 241 18 6 6 12
220 232 7 1 1 2
221 224 14 2 2 4
222 236 22 5 5 10
224 235 19 6 6 12
225 229 5 3 3 6
227 250 6 6 6 12
229 246 17 1 1 2
230 238 21 6 6 12
231 249 25 2 2 4
232 235 15 3 3 6
235 250 26 6 6 12
236 250 16 1 1 2
237 244 15 6 6 12
238 240 6 1 1 2
239 248 23 6 6 12
243 246 10 6 6 12
243 250 15 4 4 8
243 245 25 4 4 8
244 248 25 2 2 4
245 248 8 2 2 4
247 248 27 4 4 8
249 250 18 4 4 8
24 83 10 0 0 0
52 199 29 0 0 0
118 250 25 0 0 0
113 146 16 0 0 0
162 165 5 0 0 0
231 244 26 0 0 0
167 227 29 0 0 0
116 140 22 0 0 0
110 203 28 0 0 0
195 200 18 0 0 0
119 184 24 0 0 0
185 195 15 0 0 0
223 234 11 0 0 0
175 180 15 0 0 0
145 154 8 0 0 0
222 232 14 0 0 0
220 248 6 0 0 0
84 202 26 0 0 0
184 246 27 0 0 0
203 230 18 0 0 0
28 108 19 0 0 0
22 212 8 0 0 0
123 129 18 0 0 0
140 207 8 0 0 0
246 249 6 0 0 0
226 227 15 0 0 0
97 230 28 0 0 0
177 233 18 0 0 0
142 225 6 0 0 0
98 167 12 0 0 0
122 228 25 0 0 0
41 234 25 0 0 0
96 104 5 0 0 0
203 245 10 0 0 0
45 124 6 0 0 0
74 250 24 0 0 0
19 75 16 0 0 0
241 250 14 0 0 0
242 248 27 0 0 0
55 150 7 0 0 0
109 201 18 0 0 0
113 203 21 0 0 0
169 236 28 0 0 0
199 219 25 0 0 0
2 129 30 0 0 0
204 220 25 0 0 0
105 125 19 0 0 0
112 208 11 0 0 0
126 237 22 0 0 0
58 64 30 0 0 0
59 87 7 0 0 0
111 148 27 0 0 0
56 237 17 0 0 0
240 243 9 0 0 0
84 130 13 0 0 0
35 51 21 0 0 0
185 222 18 0 0 0
171 194 18 0 0 0
228 240 20 0 0 0
69 92 5 0 0 0
221 222 14 0 0 0
137 244 26 0 0 0
193 249 14 0 0 0
181 244 21 0 0 0
233 246 8 0 0 0
161 215 22 0 0 0
135 190 7 0 0 0
179 208 20 0 0 0
205 248 20 0 0 0
234 239 10 0 0 0
216 248 16 0 0 0
130 216 16 0 0 0
168 199 8 0 0 0
148 241 28 0 0 0
182 206 26 0 0 0
210 245 11 0 0 0
248 250 7 0 0 0
155 195 26 0 0 0
128 219 23 0 0 0
138 144 23 0 0 0