200 250 200
240
71 78 128 123 13 108
1 25 5 16
2 14 17 8
3 120 30 12
3 196 28 8
4 193 18 20
6 74 6 16
7 107 11 24
7 139 10 12
7 180 21 12
8 72 17 16
9 105 18 24
12 144 20 16
14 93 21 8
15 70 28 4
16 133 14 24
17 52 13 16
18 200 16 4
19 86 27 24
20 113 24 16
21 77 16 20
22 143 5 4
23 125 6 12
24 190 6 20
28 62 13 4
28 87 6 12
29 44 11 4
30 181 8 24
30 31 26 20
31 149 5 8
32 158 28 12
33 42 19 4
34 161 29 8
35 125 20 4
36 75 26 4
37 40 13 24
38 192 13 20
38 192 5 24
39 178 8 24
39 156 22 12
41 115 8 12
41 75 11 16
41 49 7 12
42 63 18 4
43 147 8 20
44 151 18 20
45 80 15 8
46 165 10 8
47 53 20 12
48 190 13 24
48 183 15 8
49 82 23 12
50 195 6 24
51 70 11 8
52 88 21 8
53 127 7 16
54 83 24 12
55 157 17 12
55 73 8 12
58 78 24 20
59 158 9 4
60 191 9 20
61 198 26 12
62 176 5 8
63 64 8 24
65 171 24 16
66 105 19 12
67 91 25 16
68 148 5 24
68 122 11 8
69 188 20 20
70 152 12 8
71 81 9 8
73 111 16 4
74 155 11 24
75 126 30 12
76 82 12 12
79 162 6 16
80 197 22 24
80 151 20 4
81 118 18 20
82 110 21 16
83 142 12 20
84 151 20 12
86 87 26 4
87 154 18 8
88 143 18 20
88 159 26 8
90 150 26 24
92 183 15 16
93 140 13 24
94 159 16 12
94 193 24 24
95 180 5 24
96 182 7 24
96 146 22 12
101 180 22 16
102 132 15 24
103 170 17 12
104 108 19 12
105 181 15 4
106 170 10 16
106 158 26 16
108 111 7 4
109 199 21 8
111 131 14 4
112 194 17 4
112 126 9 20
113 199 13 4
113 174 12 12
114 161 23 8
115 151 19 16
116 167 6 4
117 142 9 8
117 199 21 24
118 129 21 8
119 189 20 20
120 161 14 8
122 197 20 8
122 154 27 12
124 149 7 4
125 193 14 4
126 169 18 12
127 173 26 20
128 184 16 4
129 184 22 24
130 135 23 24
131 177 22 20
132 187 15 4
133 184 21 12
133 189 25 4
133 161 22 4
134 168 30 20
135 168 6 8
136 171 25 12
136 156 11 4
138 170 10 20
139 156 25 4
140 163 23 20
142 144 28 12
143 185 26 12
144 162 20 4
145 192 27 16
145 162 27 20
146 172 8 12
147 190 18 20
147 165 15 24
148 171 24 8
150 191 12 16
151 188 23 4
154 169 27 12
155 167 12 8
156 190 21 8
157 173 13 24
157 177 27 12
158 174 18 12
159 197 30 12
160 198 23 20
161 170 21 24
162 178 7 4
163 164 21 24
164 189 9 24
165 179 22 4
166 193 25 8
167 190 17 12
168 186 6 12
169 176 30 24
170 179 8 8
171 193 26 4
171 180 29 8
172 191 8 16
172 173 22 12
173 188 16 4
174 194 18 8
175 185 28 24
176 177 11 20
177 197 27 4
178 195 18 16
179 189 11 8
179 189 14 4
180 186 26 24
180 194 27 4
182 185 25 20
182 187 30 24
183 200 25 24
183 188 6 24
184 192 28 8
185 198 16 12
186 198 15 24
187 199 13 16
189 197 15 8
190 193 25 24
191 196 15 16
191 195 8 20
192 194 7 8
193 197 5 20
195 198 17 20
196 198 9 8
197 198 9 24
198 199 7 16
199 200 22 12
99 166 27 0
40 193 25 0
188 192 29 0
90 139 14 0
91 187 26 0
159 168 22 0
174 186 27 0
134 172 17 0
149 169 26 0
194 200 7 0
181 199 24 0
100 196 5 0
11 163 9 0
20 45 26 0
56 87 17 0
27 135 30 0
26 139 28 0
136 172 24 0
120 149 29 0
89 99 29 0
97 198 9 0
153 174 14 0
90 179 12 0
85 113 30 0
27 114 30 0
98 170 13 0
64 88 16 0
107 142 24 0
152 194 29 0
14 95 23 0
57 148 30 0
146 198 10 0
139 179 24 0
78 172 25 0
13 115 21 0
11 182 12 0
141 182 8 0
79 116 11 0
77 130 15 0
187 196 11 0
25 101 8 0
110 136 14 0
54 154 15 0
123 189 26 0
72 178 30 0
52 187 16 0
10 175 16 0
137 164 8 0
5 176 5 0
121 196 24 0