150 200 160
80 240
36 131 55 112 104
2 84 29 5 15
3 22 18 2 6
4 65 23 4 12
5 144 27 4 12
6 111 18 1 3
7 54 9 2 6
8 12 7 3 9
10 117 9 5 15
11 31 21 1 3
12 53 5 5 15
12 28 27 5 15
13 130 26 6 18
13 123 21 6 18
14 35 22 4 12
15 98 10 5 15
15 92 21 3 9
16 145 15 3 9
17 21 22 1 3
18 124 28 3 9
19 114 28 3 9
20 59 20 4 12
21 112 22 4 12
21 43 13 1 3
22 101 6 2 6
23 61 15 6 18
24 93 28 6 18
24 68 11 6 18
25 118 20 6 18
26 95 14 1 3
26 49 29 1 3
27 112 22 6 18
27 59 8 6 18
28 143 28 2 6
29 83 16 2 6
31 113 17 1 3
32 91 5 3 9
33 106 9 5 15
34 37 30 2 6
36 74 27 4 12
37 80 24 5 15
38 131 27 2 6
39 111 21 4 12
39 72 26 4 12
40 99 7 2 6
40 87 28 4 12
41 65 13 4 12
43 66 20 1 3
44 105 7 2 6
45 104 22 6 18
46 79 16 6 18
47 80 13 1 3
48 110 19 6 18
49 118 30 1 3
51 144 14 6 18
52 95 12 5 15
53 147 12 3 9
54 81 18 2 6
56 104 26 5 15
59 128 18 3 9
60 98 12 6 18
61 63 25 3 9
62 70 8 2 6
62 98 5 3 9
63 66 15 4 12
63 129 7 4 12
66 101 6 1 3
66 104 5 5 15
69 119 22 5 15
70 148 5 2 6
71 87 21 2 6
72 81 10 5 15
73 132 17 6 18
74 123 14 1 3
76 109 22 5 15
77 135 6 6 18
78 123 7 3 9
79 91 25 3 9
79 105 8 3 9
80 108 28 4 12
81 91 21 4 12
81 84 26 6 18
82 98 16 1 3
84 99 11 5 15
85 96 16 3 9
86 106 9 6 18
87 114 11 2 6
88 105 6 3 9
89 106 6 1 3
89 143 6 5 15
89 102 16 2 6
90 119 12 5 15
91 132 11 4 12
91 148 15 4 12
93 106 21 5 15
93 95 30 2 6
95 148 11 3 9
96 109 20 2 6
98 100 11 5 15
99 139 25 5 15
100 124 13 3 9
101 146 13 1 3
102 104 18 4 12
103 134 18 2 6
104 129 6 4 12
105 129 14 2 6
106 150 9 5 15
107 149 17 6 18
111 114 27 3 9
113 130 13 5 15
114 119 11 3 9
115 148 13 1 3
116 134 14 4 12
117 147 7 6 18
118 144 6 5 15
119 123 30 1 3
120 131 10 4 12
120 125 5 4 12
121 131 24 3 9
122 132 24 3 9
122 149 23 6 18
123 147 22 1 3
123 129 5 2 6
123 134 30 4 12
124 126 8 6 18
125 149 6 2 6
127 130 20 1 3
127 139 5 6 18
128 150 28 2 6
129 143 24 1 3
130 144 6 6 18
130 141 14 3 9
130 138 27 4 12
131 143 22 6 18
131 138 11 1 3
132 141 9 3 9
133 140 20 2 6
133 150 13 4 12
134 145 27 1 3
134 139 15 6 18
135 148 10 5 15
136 141 6 3 9
136 137 25 5 15
137 138 23 4 12
137 147 23 6 18
138 139 22 3 9
139 145 15 4 12
139 145 29 2 6
140 141 18 4 12
140 143 22 4 12
140 144 19 4 12
141 147 15 5 15
142 145 10 4 12
143 147 27 4 12
144 150 24 1 3
145 148 19 5 15
146 149 15 2 6
146 149 19 3 9
147 148 5 5 15
148 149 29 3 9
149 150 14 5 15
30 117 29 0 0
35 145 18 0 0
57 146 27 0 0
92 109 26 0 0
14 141 5 0 0
106 124 30 0 0
3 125 8 0 0
65 69 18 0 0
117 146 16 0 0
107 119 17 0 0
9 109 20 0 0
48 74 25 0 0
108 135 14 0 0
67 71 10 0 0
112 119 17 0 0
126 132 26 0 0
9 149 21 0 0
68 108 26 0 0
70 144 5 0 0
58 82 12 0 0
137 145 26 0 0
110 125 13 0 0
75 137 15 0 0
130 148 29 0 0
121 141 5 0 0
18 87 8 0 0
64 79 20 0 0
91 131 28 0 0
1 113 18 0 0
97 147 19 0 0
94 109 27 0 0
50 140 9 0 0
35 80 16 0 0
55 56 24 0 0
42 137 16 0 0
83 102 15 0 0
48 97 5 0 0
21 131 21 0 0
109 115 19 0 0
87 149 17 0 0