150 200 160
50 150
118 104 100 99 60
1 70 21 1 3
2 9 14 6 18
3 77 8 4 12
4 8 13 1 3
5 28 10 2 6
6 94 10 1 3
7 141 10 3 9
7 45 28 3 9
7 86 24 5 15
8 117 30 5 15
9 48 18 4 12
9 47 6 3 9
10 104 7 1 3
10 83 14 4 12
11 62 14 3 9
12 54 20 3 9
12 38 19 1 3
13 47 27 6 18
13 35 25 4 12
14 138 14 5 15
14 98 20 6 18
15 104 21 1 3
16 30 14 2 6
17 147 22 5 15
18 30 8 5 15
18 85 13 6 18
20 98 19 1 3
21 93 9 2 6
24 129 21 4 12
26 44 19 3 9
28 122 11 6 18
28 106 20 5 15
29 150 13 4 12
29 123 5 6 18
30 62 15 4 12
30 135 21 3 9
30 88 26 4 12
31 67 23 4 12
32 150 17 5 15
33 83 27 5 15
34 133 25 6 18
35 82 20 4 12
35 81 6 3 9
35 59 29 4 12
36 60 22 5 15
37 68 29 4 12
38 74 14 3 9
39 56 28 4 12
39 149 11 3 9
41 72 23 3 9
42 150 18 3 9
43 54 14 5 15
44 89 12 6 18
45 50 30 4 12
46 59 27 6 18
47 57 12 5 15
48 60 9 3 9
49 103 7 3 9
53 102 15 3 9
53 96 24 6 18
54 118 28 5 15
55 134 26 1 3
56 142 6 3 9
57 104 21 5 15
58 77 23 3 9
58 148 11 3 9
58 88 5 6 18
59 96 8 1 3
60 75 17 6 18
61 62 29 2 6
62 71 17 1 3
62 141 19 6 18
63 79 10 6 18
63 80 12 1 3
63 70 17 3 9
64 80 19 5 15
65 102 29 3 9
66 105 29 5 15
66 118 27 4 12
67 132 8 5 15
68 74 7 1 3
68 117 15 5 15
69 74 16 1 3
71 109 9 3 9
73 116 15 3 9
74 100 8 3 9
75 130 26 2 6
75 140 19 5 15
75 90 19 1 3
76 92 19 5 15
77 133 15 2 6
78 140 27 4 12
79 143 26 2 6
82 149 29 5 15
82 146 29 1 3
83 114 22 5 15
84 146 10 2 6
84 86 7 5 15
86 150 14 2 6
87 149 15 6 18
88 143 22 6 18
89 146 9 5 15
90 132 20 3 9
91 121 8 3 9
92 126 21 1 3
93 95 18 4 12
94 138 20 3 9
94 143 12 1 3
96 132 10 6 18
97 137 5 2 6
100 134 13 1 3
101 150 17 5 15
103 128 8 4 12
104 115 16 6 18
106 120 20 6 18
107 134 16 1 3
107 121 12 4 12
108 110 30 6 18
109 139 9 3 9
110 127 19 5 15
112 114 24 2 6
112 124 28 4 12
113 145 12 3 9
114 129 27 6 18
115 121 14 1 3
116 123 30 5 15
117 124 8 3 9
118 125 21 2 6
119 145 28 2 6
119 144 14 4 12
120 147 27 1 3
122 135 28 2 6
122 140 26 2 6
123 148 20 5 15
124 146 15 5 15
125 132 16 5 15
128 132 12 3 9
129 148 25 4 12
129 140 8 5 15
130 144 12 6 18
131 150 19 5 15
132 144 14 4 12
133 144 30 6 18
134 140 27 1 3
135 147 16 1 3
136 147 21 5 15
137 147 24 4 12
138 143 7 1 3
138 141 14 6 18
139 146 14 1 3
141 144 18 1 3
142 150 19 4 12
143 148 28 2 6
143 148 29 1 3
144 146 5 6 18
145 150 24 4 12
146 149 24 6 18
147 148 16 3 9
147 150 30 5 15
149 150 13 2 6
121 144 7 0 0
40 102 17 0 0
77 94 28 0 0
148 150 30 0 0
99 141 17 0 0
64 90 7 0 0
1 36 17 0 0
52 53 8 0 0
95 114 18 0 0
70 126 20 0 0
9 126 13 0 0
25 102 28 0 0
68 147 26 0 0
22 112 6 0 0
141 148 8 0 0
72 142 20 0 0
102 105 12 0 0
23 96 22 0 0
80 148 18 0 0
100 150 23 0 0
12 36 11 0 0
58 128 27 0 0
85 116 20 0 0
65 100 17 0 0
41 71 19 0 0
50 77 28 0 0
27 89 6 0 0
98 116 29 0 0
117 136 18 0 0
19 110 20 0 0
51 95 18 0 0
34 45 22 0 0
111 148 5 0 0
33 106 29 0 0
149 150 28 0 0
127 129 14 0 0
140 149 19 0 0
126 144 24 0 0
105 130 14 0 0
81 105 22 0 0