250 300 220
70 210
107 1 69 126 7 226 57
3 182 22 1 3
5 7 14 6 18
5 165 11 4 12
6 138 23 1 3
7 44 8 3 9
7 210 11 2 6
8 149 25 1 3
10 84 27 1 3
12 103 22 6 18
13 77 24 6 18
14 209 11 6 18
15 190 15 6 18
16 180 26 3 9
16 183 8 4 12
16 78 12 1 3
17 63 25 6 18
20 25 10 2 6
21 82 26 1 3
22 144 11 3 9
24 41 18 3 9
25 235 21 6 18
26 207 29 2 6
27 221 28 4 12
29 143 6 4 12
30 201 15 4 12
31 204 24 5 15
32 151 24 4 12
33 235 18 2 6
34 242 29 6 18
36 232 22 6 18
36 123 13 1 3
37 110 6 3 9
38 82 13 3 9
39 188 6 6 18
41 87 14 1 3
41 147 5 3 9
42 119 8 3 9
44 209 7 1 3
45 142 10 6 18
46 244 20 2 6
47 224 5 1 3
48 247 22 3 9
49 86 20 2 6
50 130 25 1 3
51 123 24 4 12
52 215 23 4 12
53 248 26 3 9
54 250 15 6 18
55 136 14 6 18
56 65 15 2 6
57 221 11 2 6
59 193 10 1 3
60 133 10 5 15
62 120 16 2 6
63 117 25 5 15
66 113 21 2 6
68 198 19 5 15
68 179 20 6 18
70 140 16 2 6
73 122 8 4 12
73 192 27 1 3
74 208 10 6 18
76 227 26 1 3
76 124 12 2 6
77 152 28 5 15
78 114 10 2 6
79 241 19 3 9
82 184 18 5 15
86 125 29 3 9
87 153 6 5 15
88 154 7 4 12
89 176 24 2 6
90 225 8 5 15
90 139 25 3 9
91 197 9 1 3
92 176 13 1 3
92 116 28 1 3
93 188 29 4 12
95 191 19 4 12
95 134 22 1 3
96 116 15 2 6
97 219 14 5 15
98 181 21 1 3
100 244 29 3 9
102 126 16 4 12
103 117 8 5 15
104 232 26 5 15
105 106 15 2 6
106 116 12 1 3
107 197 19 6 18
107 135 6 5 15
108 147 6 2 6
109 194 27 1 3
110 243 27 4 12
110 207 9 4 12
111 214 13 3 9
113 159 10 1 3
116 130 6 6 18
118 162 27 6 18
118 237 6 2 6
121 248 26 5 15
122 205 14 6 18
123 227 29 4 12
124 192 17 4 12
125 229 30 4 12
126 147 5 3 9
127 143 8 2 6
128 178 17 1 3
129 211 19 5 15
129 228 23 1 3
130 221 28 4 12
131 166 16 2 6
132 135 17 1 3
133 206 24 1 3
134 216 22 6 18
134 230 7 4 12
135 199 27 6 18
136 184 17 5 15
137 205 25 6 18
137 218 9 4 12
138 240 28 3 9
139 246 30 1 3
140 163 12 5 15
141 199 27 5 15
143 224 10 5 15
144 207 12 3 9
144 239 8 4 12
144 182 19 2 6
145 178 21 3 9
146 195 9 1 3
147 195 5 4 12
148 227 19 4 12
148 171 21 4 12
149 240 8 6 18
150 224 15 1 3
151 239 13 5 15
152 221 30 2 6
157 241 11 1 3
158 240 21 1 3
159 234 7 3 9
160 177 5 1 3
161 232 21 6 18
163 226 13 3 9
164 234 30 5 15
165 185 7 1 3
165 246 23 2 6
166 172 17 2 6
167 208 8 2 6
169 203 18 3 9
170 188 8 6 18
170 189 19 4 12
171 227 23 2 6
173 174 10 2 6
175 199 11 2 6
177 203 11 3 9
178 179 8 4 12
179 188 24 2 6
179 184 10 3 9
180 197 29 5 15
181 218 27 3 9
183 218 15 4 12
184 231 29 4 12
184 240 15 6 18
186 219 19 3 9
187 196 16 6 18
188 193 6 5 15
190 230 26 1 3
190 212 9 5 15
191 208 21 4 12
191 204 10 5 15
192 235 25 4 12
193 239 19 4 12
194 202 8 6 18
195 208 25 1 3
197 203 6 2 6
200 226 28 6 18
201 223 7 5 15
202 240 19 4 12
203 221 14 2 6
206 242 26 1 3
207 236 10 1 3
209 250 23 1 3
210 246 13 2 6
210 248 14 1 3
211 224 10 4 12
212 248 22 6 18
214 239 15 3 9
215 232 11 1 3
216 222 12 6 18
217 225 13 5 15
217 232 26 3 9
218 237 7 3 9
220 233 11 6 18
222 244 22 6 18
223 224 11 4 12
224 249 18 1 3
225 234 29 5 15
225 237 11 5 15
226 249 28 1 3
227 233 15 6 18
228 248 20 2 6
229 245 14 5 15
230 247 22 6 18
231 242 24 1 3
232 241 14 5 15
233 246 8 2 6
234 241 8 4 12
235 246 30 3 9
236 245 28 1 3
236 241 9 6 18
237 250 10 3 9
238 250 28 3 9
239 249 6 5 15
243 250 16 6 18
244 250 22 5 15
245 249 17 2 6
246 249 10 5 15
246 249 18 4 12
246 247 22 5 15
249 250 9 2 6
23 175 5 0 0
114 226 18 0 0
115 207 29 0 0
229 239 21 0 0
168 197 18 0 0
81 174 16 0 0
64 114 28 0 0
248 250 16 0 0
58 89 24 0 0
28 206 16 0 0
155 191 18 0 0
31 110 24 0 0
83 186 5 0 0
242 250 12 0 0
85 211 24 0 0
142 235 11 0 0
40 43 16 0 0
67 208 15 0 0
221 242 29 0 0
208 241 15 0 0
172 193 14 0 0
241 245 17 0 0
2 188 10 0 0
91 136 16 0 0
219 241 9 0 0
189 195 29 0 0
206 225 8 0 0
213 241 16 0 0
182 207 11 0 0
112 155 29 0 0
18 90 10 0 0
153 189 5 0 0
65 248 8 0 0
200 210 13 0 0
156 243 15 0 0
101 144 22 0 0
174 238 15 0 0
9 156 24 0 0
183 247 14 0 0
43 143 14 0 0
176 237 14 0 0
72 154 13 0 0
154 223 11 0 0
249 250 20 0 0
247 249 17 0 0
139 232 16 0 0
94 105 19 0 0
196 205 13 0 0
84 112 22 0 0
1 176 26 0 0
117 225 22 0 0
199 243 15 0 0
185 216 30 0 0
161 190 15 0 0
97 219 28 0 0
240 247 19 0 0
204 229 6 0 0
71 101 28 0 0
205 210 30 0 0
13 193 12 0 0
125 169 5 0 0
61 224 13 0 0
35 176 13 0 0
163 234 14 0 0
111 170 23 0 0
75 225 15 0 0
19 216 14 0 0
99 231 16 0 0
120 121 11 0 0
208 239 18 0 0
80 247 13 0 0
56 120 30 0 0
11 94 19 0 0
69 127 25 0 0
230 244 8 0 0
216 234 21 0 0
162 163 12 0 0
119 218 16 0 0
4 33 12 0 0
198 228 28 0 0