150 200 160
240
86 85 100 90 142
1 122 29 12
2 56 5 16
2 89 13 8
3 133 13 12
3 129 6 24
3 25 15 12
5 102 22 24
6 37 23 24
9 100 30 12
11 95 28 8
13 18 14 20
13 95 18 8
15 97 15 16
16 126 9 16
19 104 18 8
20 55 25 12
23 27 26 20
24 88 12 24
25 35 8 24
26 51 21 16
27 72 10 12
27 52 23 24
27 136 22 8
28 134 9 24
29 98 21 20
30 102 9 4
30 79 6 8
31 140 15 4
32 87 23 4
33 134 20 20
34 149 15 16
35 96 9 16
36 100 13 12
37 134 15 20
37 115 13 20
38 56 15 24
39 96 30 16
40 140 13 16
42 60 29 8
43 66 12 8
45 114 30 24
45 68 23 12
46 81 12 8
47 93 21 12
48 109 11 20
48 129 9 4
49 144 16 16
49 109 29 16
50 76 19 4
51 74 28 12
54 120 24 4
54 110 22 16
55 100 8 12
56 136 25 20
57 144 7 20
58 96 18 20
59 77 24 4
60 97 22 20
60 97 5 16
61 95 29 12
62 147 16 4
62 142 20 24
63 137 20 20
64 66 17 24
65 81 15 20
66 115 30 8
67 108 20 20
68 97 16 12
69 143 13 8
70 79 24 16
71 98 18 16
72 112 21 4
73 115 16 12
74 145 21 16
75 113 20 24
75 119 12 12
76 145 15 24
77 124 26 20
78 117 12 24
79 107 29 20
80 91 29 16
82 101 6 4
83 107 5 4
84 138 26 16
85 139 15 24
86 140 7 16
87 94 20 8
88 142 30 20
89 102 25 16
89 116 30 16
89 100 22 8
90 136 15 4
91 130 8 4
92 106 30 8
92 108 26 20
92 128 18 20
94 135 10 16
95 121 14 20
96 136 25 20
96 111 18 8
97 117 5 8
97 125 18 8
98 118 22 12
98 146 13 12
100 110 22 12
101 123 10 16
102 118 9 24
102 139 17 4
104 115 12 8
104 108 5 16
105 129 25 20
106 144 5 4
107 148 21 20
108 133 23 20
109 150 5 20
110 116 26 16
111 140 25 20
112 125 12 16
113 140 21 4
114 145 24 24
115 125 14 8
116 128 7 12
117 118 16 12
118 121 23 24
119 137 8 24
120 148 22 24
120 149 14 24
121 125 30 8
122 144 21 8
122 145 30 16
123 149 20 16
124 127 9 24
125 143 6 12
126 131 15 8
127 142 28 4
127 138 18 8
128 133 17 20
130 144 9 20
131 150 16 16
132 138 19 8
134 140 7 12
135 138 11 4
135 141 24 16
136 150 10 8
136 140 8 24
136 137 24 8
138 150 14 12
138 145 12 8
139 150 13 12
140 148 28 20
141 145 14 24
142 147 16 12
142 145 14 4
143 147 21 4
144 148 12 8
145 149 8 12
146 149 28 8
147 148 18 12
148 149 16 20
149 150 7 24
119 143 26 0
132 136 8 0
136 141 29 0
93 122 19 0
39 80 16 0
86 114 9 0
99 123 15 0
137 140 30 0
133 136 27 0
67 97 29 0
22 148 16 0
27 46 14 0
129 135 23 0
4 149 26 0
52 99 29 0
41 105 21 0
53 133 25 0
7 57 26 0
118 148 28 0
117 118 13 0
21 26 15 0
125 140 5 0
12 141 15 0
8 25 24 0
44 101 20 0
141 145 16 0
10 131 12 0
18 48 9 0
81 112 30 0
68 114 10 0
111 149 11 0
17 93 25 0
61 104 15 0
24 100 6 0
88 111 8 0
101 116 24 0
5 10 6 0
14 119 18 0
4 114 11 0
103 120 6 0