100 150 120
70 70 140
47 12 57 4
1 20 6 3 3 6
2 83 9 6 6 12
2 33 30 6 6 12
3 14 15 2 2 4
4 90 8 1 1 2
4 76 11 3 3 6
5 18 18 2 2 4
6 35 7 4 4 8
7 57 15 2 2 4
9 47 7 2 2 4
10 85 26 6 6 12
11 75 14 6 6 12
12 49 29 4 4 8
13 49 24 5 5 10
13 54 13 1 1 2
14 64 10 2 2 4
15 99 5 5 5 10
17 62 12 1 1 2
18 45 6 1 1 2
18 68 27 5 5 10
18 61 18 2 2 4
19 87 13 4 4 8
19 55 9 2 2 4
19 53 17 6 6 12
21 46 5 3 3 6
22 27 6 4 4 8
22 31 11 3 3 6
25 73 15 2 2 4
25 75 8 4 4 8
26 30 30 3 3 6
27 97 5 2 2 4
27 49 25 5 5 10
27 82 22 4 4 8
28 62 26 2 2 4
29 53 14 6 6 12
31 83 19 6 6 12
31 35 27 6 6 12
32 95 25 5 5 10
32 51 18 6 6 12
33 44 7 3 3 6
34 66 21 5 5 10
35 77 19 3 3 6
36 37 22 1 1 2
39 60 6 4 4 8
42 68 6 5 5 10
43 77 28 6 6 12
43 72 25 1 1 2
44 58 6 2 2 4
47 51 13 2 2 4
48 80 28 6 6 12
48 67 24 4 4 8
49 88 11 5 5 10
50 97 18 6 6 12
51 90 14 4 4 8
52 55 14 4 4 8
52 61 28 3 3 6
53 65 24 6 6 12
54 59 14 5 5 10
56 87 18 6 6 12
56 64 19 5 5 10
58 90 14 1 1 2
59 68 15 4 4 8
60 78 24 4 4 8
60 73 6 4 4 8
61 85 23 1 1 2
62 97 20 6 6 12
63 78 28 2 2 4
64 83 25 2 2 4
65 70 18 6 6 12
65 77 13 2 2 4
66 68 7 2 2 4
67 88 5 6 6 12
68 71 8 5 5 10
68 70 24 3 3 6
69 85 18 5 5 10
70 98 10 1 1 2
71 94 25 4 4 8
71 77 17 3 3 6
72 75 23 6 6 12
73 93 10 1 1 2
73 99 30 5 5 10
75 91 14 5 5 10
75 78 30 1 1 2
75 97 22 2 2 4
76 85 10 6 6 12
76 87 27 3 3 6
77 79 14 1 1 2
79 85 5 1 1 2
79 83 15 5 5 10
80 85 13 5 5 10
80 89 26 3 3 6
81 83 25 5 5 10
81 100 10 4 4 8
82 90 12 6 6 12
83 89 29 2 2 4
84 94 14 5 5 10
85 94 15 6 6 12
86 88 8 5 5 10
86 93 20 6 6 12
86 97 7 4 4 8
86 100 28 6 6 12
87 97 10 5 5 10
88 91 27 2 2 4
88 100 29 3 3 6
89 95 11 1 1 2
89 94 12 5 5 10
89 97 12 5 5 10
90 97 26 3 3 6
91 93 14 5 5 10
92 97 16 2 2 4
92 99 9 5 5 10
93 98 26 4 4 8
93 98 7 3 3 6
93 99 13 2 2 4
94 95 21 1 1 2
95 99 15 5 5 10
96 99 23 5 5 10
97 98 7 5 5 10
98 100 8 5 5 10
99 100 25 5 5 10
64 79 27 0 0 0
71 83 27 0 0 0
8 44 20 0 0 0
41 64 6 0 0 0
53 63 13 0 0 0
12 94 7 0 0 0
86 89 9 0 0 0
17 85 16 0 0 0
62 86 17 0 0 0
20 72 7 0 0 0
97 98 23 0 0 0
61 81 19 0 0 0
40 61 13 0 0 0
46 61 22 0 0 0
74 92 17 0 0 0
43 66 29 0 0 0
37 79 8 0 0 0
23 32 28 0 0 0
47 53 15 0 0 0
55 95 17 0 0 0
57 97 7 0 0 0
76 90 23 0 0 0
38 53 10 0 0 0
42 80 13 0 0 0
45 82 15 0 0 0
78 86 14 0 0 0
14 43 24 0 0 0
24 78 20 0 0 0
30 88 18 0 0 0
16 25 10 0 0 0