250 300 220
60 180
146 148 207 118 37 54 22
1 186 19 6 18
3 167 26 2 6
3 147 11 6 18
4 242 7 6 18
5 125 19 4 12
7 40 19 5 15
8 204 29 3 9
9 60 10 1 3
9 154 5 3 9
11 203 29 6 18
12 43 25 3 9
12 212 11 5 15
13 219 28 3 9
14 56 25 2 6
15 172 10 5 15
16 205 24 3 9
18 98 28 6 18
19 153 17 6 18
20 142 11 4 12
21 35 27 1 3
22 53 16 6 18
24 246 24 1 3
25 103 5 5 15
26 241 24 4 12
27 205 30 4 12
28 245 7 3 9
29 162 6 1 3
29 214 9 6 18
30 68 14 5 15
31 84 11 6 18
32 205 12 6 18
33 143 21 1 3
33 185 30 3 9
34 235 10 2 6
35 106 11 5 15
37 133 19 3 9
38 245 16 1 3
40 222 21 1 3
40 194 23 5 15
41 157 20 5 15
42 237 15 2 6
45 77 10 6 18
46 80 28 6 18
47 204 26 3 9
48 146 29 1 3
50 97 5 6 18
51 121 17 2 6
51 67 19 4 12
52 235 27 6 18
53 204 23 6 18
54 207 6 5 15
55 108 19 6 18
56 103 18 2 6
57 87 20 4 12
58 162 23 3 9
59 137 7 1 3
60 98 8 1 3
61 123 29 4 12
62 72 21 5 15
63 106 21 1 3
63 139 25 5 15
64 77 11 3 9
66 200 15 6 18
67 179 7 3 9
68 91 8 5 15
69 232 22 4 12
69 155 8 3 9
70 215 11 3 9
71 202 17 1 3
73 79 16 5 15
74 222 21 6 18
75 230 18 1 3
77 208 29 1 3
78 235 10 2 6
79 194 17 5 15
80 219 9 6 18
83 108 11 2 6
84 135 20 3 9
85 89 27 2 6
86 95 24 1 3
86 141 15 1 3
87 199 13 3 9
88 154 15 2 6
89 206 18 1 3
91 117 26 1 3
92 115 16 3 9
93 103 14 1 3
95 104 11 1 3
96 198 26 6 18
97 192 21 5 15
99 167 27 4 12
100 156 20 6 18
101 124 7 3 9
102 181 29 2 6
102 199 11 5 15
105 232 9 3 9
106 232 26 5 15
108 232 15 2 6
109 117 20 4 12
110 235 19 5 15
111 216 12 2 6
112 196 19 6 18
113 213 13 5 15
114 141 23 2 6
115 219 11 4 12
116 142 15 3 9
117 197 30 1 3
117 232 18 4 12
119 230 11 1 3
120 205 12 2 6
121 128 27 5 15
121 234 26 2 6
122 222 19 3 9
123 199 26 1 3
124 243 13 2 6
125 186 10 2 6
126 237 9 3 9
127 238 29 5 15
129 205 25 2 6
130 246 30 5 15
131 148 28 5 15
132 143 14 3 9
135 140 28 1 3
136 182 8 5 15
141 219 7 1 3
143 246 19 6 18
143 216 15 6 18
145 181 29 5 15
146 215 13 2 6
147 174 24 5 15
148 170 12 2 6
150 168 6 3 9
151 169 25 5 15
152 202 17 1 3
153 178 14 2 6
153 233 28 6 18
154 219 7 3 9
155 168 25 3 9
155 156 17 6 18
156 164 21 1 3
157 159 13 1 3
158 167 6 4 12
160 250 10 3 9
161 210 14 5 15
163 218 22 4 12
163 166 21 2 6
163 230 7 5 15
164 168 25 4 12
165 207 25 2 6
168 237 26 6 18
169 208 25 5 15
170 186 6 2 6
172 186 5 2 6
173 175 12 4 12
174 205 6 4 12
175 229 29 1 3
176 190 9 6 18
177 248 25 3 9
177 196 25 1 3
181 235 27 4 12
182 213 8 5 15
183 249 20 3 9
183 244 21 3 9
184 219 21 1 3
185 249 21 3 9
186 230 19 6 18
187 196 23 1 3
188 227 9 4 12
190 244 19 5 15
190 247 5 4 12
193 210 13 2 6
194 213 26 2 6
195 226 20 5 15
197 207 27 5 15
198 229 9 1 3
199 235 17 4 12
200 228 6 2 6
201 237 9 2 6
202 213 15 5 15
203 236 19 1 3
204 243 8 2 6
205 209 12 5 15
206 223 22 6 18
208 248 29 3 9
209 210 12 6 18
210 214 21 4 12
211 240 5 1 3
211 244 23 5 15
213 248 29 3 9
214 242 9 2 6
215 237 17 5 15
216 226 11 6 18
218 222 26 4 12
221 240 25 3 9
222 240 5 1 3
223 225 11 3 9
224 250 19 1 3
226 231 10 6 18
227 232 6 1 3
228 238 13 5 15
229 236 24 5 15
230 239 7 1 3
231 235 7 1 3
232 236 5 4 12
233 235 24 1 3
235 246 14 3 9
236 249 14 5 15
237 247 14 3 9
238 250 29 6 18
239 249 25 3 9
240 241 11 4 12
241 243 13 2 6
242 246 18 6 18
243 245 23 4 12
244 245 8 2 6
244 246 5 6 18
245 247 23 3 9
248 250 14 2 6
248 250 17 2 6
249 250 6 6 18
212 232 21 0 0
128 136 10 0 0
180 223 11 0 0
107 243 11 0 0
104 213 27 0 0
241 247 15 0 0
162 210 26 0 0
103 238 13 0 0
179 231 6 0 0
60 116 11 0 0
176 248 7 0 0
6 175 9 0 0
43 62 18 0 0
144 158 30 0 0
65 201 13 0 0
187 228 23 0 0
196 248 15 0 0
207 217 5 0 0
192 226 25 0 0
97 213 23 0 0
76 174 19 0 0
247 248 8 0 0
71 172 23 0 0
124 191 6 0 0
137 231 10 0 0
82 154 27 0 0
2 229 28 0 0
178 222 20 0 0
219 230 19 0 0
92 200 28 0 0
72 188 8 0 0
135 217 29 0 0
12 47 19 0 0
10 210 30 0 0
55 204 27 0 0
231 249 16 0 0
193 243 20 0 0
44 138 23 0 0
16 146 19 0 0
127 131 18 0 0
164 172 18 0 0
166 191 9 0 0
225 229 8 0 0
139 207 17 0 0
102 137 15 0 0
134 234 7 0 0
23 48 12 0 0
234 236 9 0 0
81 228 26 0 0
39 85 5 0 0
205 234 28 0 0
189 220 29 0 0
90 138 22 0 0
94 100 26 0 0
149 189 16 0 0
170 195 16 0 0
241 242 7 0 0
142 236 21 0 0
159 235 22 0 0
36 86 10 0 0
118 140 8 0 0
246 247 6 0 0
138 199 5 0 0
87 169 19 0 0
7 94 16 0 0
98 250 14 0 0
202 246 27 0 0
217 224 12 0 0
17 158 10 0 0
133 227 30 0 0
209 212 10 0 0
171 249 13 0 0
49 117 25 0 0
220 232 17 0 0
95 222 7 0 0
167 194 12 0 0
94 182 9 0 0
191 242 23 0 0
234 241 18 0 0
140 188 23 0 0