150 200 160
320
36 131 55 112 104
2 84 29 20
3 22 18 8
4 65 23 16
5 144 27 16
6 111 18 4
7 54 9 8
8 12 7 12
10 117 9 20
11 31 21 4
12 53 5 20
12 28 27 20
13 130 26 24
13 123 21 24
14 35 22 16
15 98 10 20
15 92 21 12
16 145 15 12
17 21 22 4
18 124 28 12
19 114 28 12
20 59 20 16
21 112 22 16
21 43 13 4
22 101 6 8
23 61 15 24
24 93 28 24
24 68 11 24
25 118 20 24
26 95 14 4
26 49 29 4
27 112 22 24
27 59 8 24
28 143 28 8
29 83 16 8
31 113 17 4
32 91 5 12
33 106 9 20
34 37 30 8
36 74 27 16
37 80 24 20
38 131 27 8
39 111 21 16
39 72 26 16
40 99 7 8
40 87 28 16
41 65 13 16
43 66 20 4
44 105 7 8
45 104 22 24
46 79 16 24
47 80 13 4
48 110 19 24
49 118 30 4
51 144 14 24
52 95 12 20
53 147 12 12
54 81 18 8
56 104 26 20
59 128 18 12
60 98 12 24
61 63 25 12
62 70 8 8
62 98 5 12
63 66 15 16
63 129 7 16
66 101 6 4
66 104 5 20
69 119 22 20
70 148 5 8
71 87 21 8
72 81 10 20
73 132 17 24
74 123 14 4
76 109 22 20
77 135 6 24
78 123 7 12
79 91 25 12
79 105 8 12
80 108 28 16
81 91 21 16
81 84 26 24
82 98 16 4
84 99 11 20
85 96 16 12
86 106 9 24
87 114 11 8
88 105 6 12
89 106 6 4
89 143 6 20
89 102 16 8
90 119 12 20
91 132 11 16
91 148 15 16
93 106 21 20
93 95 30 8
95 148 11 12
96 109 20 8
98 100 11 20
99 139 25 20
100 124 13 12
101 146 13 4
102 104 18 16
103 134 18 8
104 129 6 16
105 129 14 8
106 150 9 20
107 149 17 24
111 114 27 12
113 130 13 20
114 119 11 12
115 148 13 4
116 134 14 16
117 147 7 24
118 144 6 20
119 123 30 4
120 131 10 16
120 125 5 16
121 131 24 12
122 132 24 12
122 149 23 24
123 147 22 4
123 129 5 8
123 134 30 16
124 126 8 24
125 149 6 8
127 130 20 4
127 139 5 24
128 150 28 8
129 143 24 4
130 144 6 24
130 141 14 12
130 138 27 16
131 143 22 24
131 138 11 4
132 141 9 12
133 140 20 8
133 150 13 16
134 145 27 4
134 139 15 24
135 148 10 20
136 141 6 12
136 137 25 20
137 138 23 16
137 147 23 24
138 139 22 12
139 145 15 16
139 145 29 8
140 141 18 16
140 143 22 16
140 144 19 16
141 147 15 20
142 145 10 16
143 147 27 16
144 150 24 4
145 148 19 20
146 149 15 8
146 149 19 12
147 148 5 20
148 149 29 12
149 150 14 20
30 117 29 0
35 145 18 0
57 146 27 0
92 109 26 0
14 141 5 0
106 124 30 0
3 125 8 0
65 69 18 0
117 146 16 0
107 119 17 0
9 109 20 0
48 74 25 0
108 135 14 0
67 71 10 0
112 119 17 0
126 132 26 0
9 149 21 0
68 108 26 0
70 144 5 0
58 82 12 0
137 145 26 0
110 125 13 0
75 137 15 0
130 148 29 0
121 141 5 0
18 87 8 0
64 79 20 0
91 131 28 0
1 113 18 0
97 147 19 0
94 109 27 0
50 140 9 0
35 80 16 0
55 56 24 0
42 137 16 0
83 102 15 0
48 97 5 0
21 131 21 0
109 115 19 0
87 149 17 0