150 200 160
280
56 39 92 101 114
1 38 25 24
1 143 20 20
2 55 27 16
3 22 19 24
4 123 6 24
4 27 9 24
7 83 19 24
8 58 13 24
9 80 10 12
10 92 28 4
11 150 28 24
11 110 8 16
12 150 19 24
13 32 6 12
14 109 24 8
15 103 17 4
15 81 5 24
17 119 10 16
18 105 30 24
19 129 19 16
20 115 6 8
20 54 20 4
21 26 19 16
21 87 17 24
22 38 12 24
22 28 20 24
24 135 10 20
25 38 16 16
26 100 8 24
27 36 23 4
29 131 16 12
31 69 12 4
32 67 9 24
33 42 27 20
34 126 21 20
35 127 18 8
36 138 13 12
37 117 30 8
38 126 18 20
39 108 12 12
40 114 13 8
41 136 12 24
42 130 18 4
43 49 8 4
44 114 9 24
45 94 19 12
46 56 11 20
47 103 14 4
47 134 8 4
48 76 10 24
48 108 13 16
49 79 14 8
50 148 30 20
51 52 13 12
51 148 7 24
52 141 5 12
52 80 13 12
53 119 13 12
54 140 10 16
55 127 25 24
56 147 19 20
58 89 21 12
59 99 11 24
60 133 24 8
61 147 6 24
61 87 27 20
62 95 14 20
63 98 16 12
64 115 30 4
65 100 17 4
66 104 10 4
66 92 15 20
67 90 19 20
67 84 20 20
68 112 8 8
68 74 25 20
70 125 13 4
72 77 22 8
73 130 18 4
74 84 26 8
76 85 7 12
77 117 6 8
77 78 19 20
77 145 17 4
78 137 5 16
79 92 23 24
81 127 16 20
82 148 24 4
82 115 25 4
83 137 29 24
84 97 14 8
85 91 14 20
86 146 24 16
87 90 19 12
89 132 25 12
89 114 18 8
90 129 18 4
90 119 14 24
91 142 11 12
91 133 29 24
92 143 28 12
94 105 22 16
95 110 16 4
96 113 22 8
97 124 28 16
99 103 25 8
99 104 11 12
100 122 16 20
100 142 18 4
101 141 27 12
103 140 29 12
104 109 7 20
105 118 10 4
106 109 11 12
107 129 28 16
107 134 9 12
108 138 10 4
109 116 9 4
109 134 20 20
112 149 10 20
113 136 10 8
114 133 28 8
115 130 7 16
115 140 8 24
116 124 14 20
118 149 7 24
119 142 9 4
119 146 8 16
120 137 21 12
121 150 16 12
122 127 20 16
123 146 22 24
124 141 8 24
125 148 24 24
126 132 13 24
127 131 12 12
129 146 9 8
130 134 19 12
131 143 10 16
131 132 20 20
132 145 19 24
133 145 26 16
135 150 26 20
135 142 6 16
136 149 10 12
137 145 9 12
138 143 30 4
139 143 14 16
140 148 22 8
141 142 21 8
143 149 9 24
143 148 20 24
144 145 30 24
144 149 13 4
145 149 5 24
146 148 7 12
147 148 22 4
147 148 26 24
148 149 6 4
148 149 8 4
36 127 30 0
57 83 22 0
110 131 8 0
117 128 17 0
102 132 29 0
90 144 16 0
14 100 12 0
35 38 9 0
42 137 12 0
85 123 6 0
80 131 17 0
134 137 30 0
62 143 12 0
128 131 27 0
111 125 25 0
23 147 16 0
40 63 12 0
96 141 17 0
113 147 27 0
30 134 29 0
6 18 29 0
111 128 5 0
32 47 16 0
69 143 19 0
71 72 27 0
98 142 12 0
75 132 18 0
28 134 11 0
98 135 27 0
10 115 25 0
8 125 28 0
8 105 24 0
88 118 24 0
149 150 25 0
142 144 13 0
93 120 30 0
93 150 15 0
5 66 26 0
120 127 15 0
16 90 5 0