200 250 200
280
63 181 125 85 24 58
1 187 28 20
4 89 29 8
5 67 14 20
6 158 13 8
6 19 15 16
7 103 26 16
8 42 5 24
10 127 15 4
11 139 14 16
12 110 14 24
13 84 22 12
14 103 18 24
15 22 25 8
16 156 8 24
17 117 28 24
18 121 23 20
18 185 16 12
19 106 15 24
20 36 23 12
21 40 18 16
22 129 5 4
22 200 19 8
24 195 14 20
25 70 16 12
26 110 17 20
27 163 25 16
28 98 27 4
29 40 14 4
31 185 27 16
32 176 20 12
33 163 30 8
37 147 29 4
38 126 12 4
39 45 22 8
40 103 6 8
41 120 19 24
42 166 22 4
43 150 26 16
44 114 15 4
45 170 22 16
45 87 12 16
46 112 29 4
47 52 11 12
48 131 8 24
48 171 29 12
50 157 7 4
52 142 7 12
53 152 20 4
53 174 20 8
55 113 13 12
56 110 15 8
58 84 6 24
58 111 17 12
59 153 29 4
59 64 15 8
59 118 9 16
61 144 30 24
62 85 30 16
63 135 12 12
64 173 19 24
65 126 12 16
65 91 27 12
67 135 6 24
68 135 7 4
69 153 12 8
70 73 13 4
72 172 24 8
73 97 26 4
73 135 5 24
74 154 12 12
76 125 13 16
77 83 8 24
77 170 24 24
78 152 7 16
79 138 22 12
80 192 9 8
81 195 22 24
82 158 27 16
82 102 24 8
85 181 24 24
86 172 21 16
86 180 7 12
87 113 16 12
88 104 25 4
89 112 24 16
90 134 17 8
91 189 6 12
92 118 15 24
93 174 18 16
95 188 7 16
96 184 20 8
97 157 22 4
98 156 6 20
99 119 5 12
99 160 16 24
100 169 28 8
101 104 25 16
102 111 19 24
103 173 10 20
105 107 20 4
106 184 26 20
106 196 20 20
107 135 15 16
108 135 22 8
109 168 14 12
110 112 6 4
111 152 5 4
112 147 20 8
114 126 5 16
115 124 28 16
116 161 26 16
116 174 28 20
117 156 21 16
118 149 15 20
118 125 16 4
119 147 28 20
121 171 22 8
122 127 13 24
123 177 18 16
124 164 19 24
125 131 14 16
126 155 6 12
127 154 25 4
128 162 16 8
129 168 27 16
130 168 14 20
131 163 19 4
131 177 18 20
132 158 13 12
133 137 30 4
136 152 14 16
136 186 7 20
137 145 9 24
138 141 5 12
139 188 27 4
141 153 27 4
142 154 12 12
142 145 17 8
144 161 26 8
145 178 15 12
146 198 8 8
147 197 28 8
148 150 25 20
149 175 14 4
150 183 20 8
151 193 25 24
151 177 26 20
152 180 8 12
152 165 6 12
152 154 8 8
153 173 25 8
154 164 8 16
155 200 16 12
156 195 24 20
157 162 24 20
158 185 23 12
159 162 7 4
160 186 6 12
161 178 7 16
164 191 27 24
165 183 30 12
166 194 21 20
167 191 24 12
167 187 21 4
168 186 8 24
169 185 11 12
170 194 30 24
171 191 9 20
172 184 28 8
173 199 23 16
173 183 7 8
174 197 13 8
175 191 29 20
176 193 18 16
176 184 11 16
177 179 7 24
178 180 29 20
179 190 27 24
180 198 17 12
180 192 28 12
181 183 20 20
181 200 7 12
182 199 9 20
183 187 21 4
184 195 13 4
185 186 6 8
186 187 30 4
187 188 18 4
188 192 10 12
190 196 8 8
191 196 30 16
192 199 15 8
193 196 13 20
195 198 8 12
195 196 20 20
195 197 16 24
197 200 19 8
197 200 23 8
198 200 19 20
199 200 14 12
9 105 18 0
30 98 19 0
3 43 23 0
4 125 20 0
120 178 15 0
84 112 24 0
163 171 18 0
49 142 17 0
23 124 17 0
162 185 18 0
43 58 22 0
27 192 15 0
36 85 29 0
2 156 7 0
60 197 6 0
194 195 29 0
34 140 14 0
189 194 28 0
66 198 11 0
125 158 16 0
140 153 28 0
135 144 29 0
191 198 22 0
8 58 5 0
106 156 7 0
161 169 16 0
196 199 21 0
75 127 12 0
113 145 11 0
54 95 27 0
83 166 9 0
51 94 17 0
35 193 16 0
60 164 26 0
61 118 14 0
94 96 23 0
57 180 14 0
158 160 25 0
25 33 21 0
98 101 17 0
143 187 24 0
97 124 12 0
154 181 30 0
104 190 20 0
146 149 9 0
38 179 14 0
71 93 29 0
134 180 10 0
75 135 8 0
124 126 14 0