200 250 200
70 70 140
63 181 125 85 24 58
1 187 28 5 5 10
4 89 29 2 2 4
5 67 14 5 5 10
6 158 13 2 2 4
6 19 15 4 4 8
7 103 26 4 4 8
8 42 5 6 6 12
10 127 15 1 1 2
11 139 14 4 4 8
12 110 14 6 6 12
13 84 22 3 3 6
14 103 18 6 6 12
15 22 25 2 2 4
16 156 8 6 6 12
17 117 28 6 6 12
18 121 23 5 5 10
18 185 16 3 3 6
19 106 15 6 6 12
20 36 23 3 3 6
21 40 18 4 4 8
22 129 5 1 1 2
22 200 19 2 2 4
24 195 14 5 5 10
25 70 16 3 3 6
26 110 17 5 5 10
27 163 25 4 4 8
28 98 27 1 1 2
29 40 14 1 1 2
31 185 27 4 4 8
32 176 20 3 3 6
33 163 30 2 2 4
37 147 29 1 1 2
38 126 12 1 1 2
39 45 22 2 2 4
40 103 6 2 2 4
41 120 19 6 6 12
42 166 22 1 1 2
43 150 26 4 4 8
44 114 15 1 1 2
45 170 22 4 4 8
45 87 12 4 4 8
46 112 29 1 1 2
47 52 11 3 3 6
48 131 8 6 6 12
48 171 29 3 3 6
50 157 7 1 1 2
52 142 7 3 3 6
53 152 20 1 1 2
53 174 20 2 2 4
55 113 13 3 3 6
56 110 15 2 2 4
58 84 6 6 6 12
58 111 17 3 3 6
59 153 29 1 1 2
59 64 15 2 2 4
59 118 9 4 4 8
61 144 30 6 6 12
62 85 30 4 4 8
63 135 12 3 3 6
64 173 19 6 6 12
65 126 12 4 4 8
65 91 27 3 3 6
67 135 6 6 6 12
68 135 7 1 1 2
69 153 12 2 2 4
70 73 13 1 1 2
72 172 24 2 2 4
73 97 26 1 1 2
73 135 5 6 6 12
74 154 12 3 3 6
76 125 13 4 4 8
77 83 8 6 6 12
77 170 24 6 6 12
78 152 7 4 4 8
79 138 22 3 3 6
80 192 9 2 2 4
81 195 22 6 6 12
82 158 27 4 4 8
82 102 24 2 2 4
85 181 24 6 6 12
86 172 21 4 4 8
86 180 7 3 3 6
87 113 16 3 3 6
88 104 25 1 1 2
89 112 24 4 4 8
90 134 17 2 2 4
91 189 6 3 3 6
92 118 15 6 6 12
93 174 18 4 4 8
95 188 7 4 4 8
96 184 20 2 2 4
97 157 22 1 1 2
98 156 6 5 5 10
99 119 5 3 3 6
99 160 16 6 6 12
100 169 28 2 2 4
101 104 25 4 4 8
102 111 19 6 6 12
103 173 10 5 5 10
105 107 20 1 1 2
106 184 26 5 5 10
106 196 20 5 5 10
107 135 15 4 4 8
108 135 22 2 2 4
109 168 14 3 3 6
110 112 6 1 1 2
111 152 5 1 1 2
112 147 20 2 2 4
114 126 5 4 4 8
115 124 28 4 4 8
116 161 26 4 4 8
116 174 28 5 5 10
117 156 21 4 4 8
118 149 15 5 5 10
118 125 16 1 1 2
119 147 28 5 5 10
121 171 22 2 2 4
122 127 13 6 6 12
123 177 18 4 4 8
124 164 19 6 6 12
125 131 14 4 4 8
126 155 6 3 3 6
127 154 25 1 1 2
128 162 16 2 2 4
129 168 27 4 4 8
130 168 14 5 5 10
131 163 19 1 1 2
131 177 18 5 5 10
132 158 13 3 3 6
133 137 30 1 1 2
136 152 14 4 4 8
136 186 7 5 5 10
137 145 9 6 6 12
138 141 5 3 3 6
139 188 27 1 1 2
141 153 27 1 1 2
142 154 12 3 3 6
142 145 17 2 2 4
144 161 26 2 2 4
145 178 15 3 3 6
146 198 8 2 2 4
147 197 28 2 2 4
148 150 25 5 5 10
149 175 14 1 1 2
150 183 20 2 2 4
151 193 25 6 6 12
151 177 26 5 5 10
152 180 8 3 3 6
152 165 6 3 3 6
152 154 8 2 2 4
153 173 25 2 2 4
154 164 8 4 4 8
155 200 16 3 3 6
156 195 24 5 5 10
157 162 24 5 5 10
158 185 23 3 3 6
159 162 7 1 1 2
160 186 6 3 3 6
161 178 7 4 4 8
164 191 27 6 6 12
165 183 30 3 3 6
166 194 21 5 5 10
167 191 24 3 3 6
167 187 21 1 1 2
168 186 8 6 6 12
169 185 11 3 3 6
170 194 30 6 6 12
171 191 9 5 5 10
172 184 28 2 2 4
173 199 23 4 4 8
173 183 7 2 2 4
174 197 13 2 2 4
175 191 29 5 5 10
176 193 18 4 4 8
176 184 11 4 4 8
177 179 7 6 6 12
178 180 29 5 5 10
179 190 27 6 6 12
180 198 17 3 3 6
180 192 28 3 3 6
181 183 20 5 5 10
181 200 7 3 3 6
182 199 9 5 5 10
183 187 21 1 1 2
184 195 13 1 1 2
185 186 6 2 2 4
186 187 30 1 1 2
187 188 18 1 1 2
188 192 10 3 3 6
190 196 8 2 2 4
191 196 30 4 4 8
192 199 15 2 2 4
193 196 13 5 5 10
195 198 8 3 3 6
195 196 20 5 5 10
195 197 16 6 6 12
197 200 19 2 2 4
197 200 23 2 2 4
198 200 19 5 5 10
199 200 14 3 3 6
9 105 18 0 0 0
30 98 19 0 0 0
3 43 23 0 0 0
4 125 20 0 0 0
120 178 15 0 0 0
84 112 24 0 0 0
163 171 18 0 0 0
49 142 17 0 0 0
23 124 17 0 0 0
162 185 18 0 0 0
43 58 22 0 0 0
27 192 15 0 0 0
36 85 29 0 0 0
2 156 7 0 0 0
60 197 6 0 0 0
194 195 29 0 0 0
34 140 14 0 0 0
189 194 28 0 0 0
66 198 11 0 0 0
125 158 16 0 0 0
140 153 28 0 0 0
135 144 29 0 0 0
191 198 22 0 0 0
8 58 5 0 0 0
106 156 7 0 0 0
161 169 16 0 0 0
196 199 21 0 0 0
75 127 12 0 0 0
113 145 11 0 0 0
54 95 27 0 0 0
83 166 9 0 0 0
51 94 17 0 0 0
35 193 16 0 0 0
60 164 26 0 0 0
61 118 14 0 0 0
94 96 23 0 0 0
57 180 14 0 0 0
158 160 25 0 0 0
25 33 21 0 0 0
98 101 17 0 0 0
143 187 24 0 0 0
97 124 12 0 0 0
154 181 30 0 0 0
104 190 20 0 0 0
146 149 9 0 0 0
38 179 14 0 0 0
71 93 29 0 0 0
134 180 10 0 0 0
75 135 8 0 0 0
124 126 14 0 0 0