200 250 200
60 180
71 78 128 123 13 108
1 25 5 4 12
2 14 17 2 6
3 120 30 3 9
3 196 28 2 6
4 193 18 5 15
6 74 6 4 12
7 107 11 6 18
7 139 10 3 9
7 180 21 3 9
8 72 17 4 12
9 105 18 6 18
12 144 20 4 12
14 93 21 2 6
15 70 28 1 3
16 133 14 6 18
17 52 13 4 12
18 200 16 1 3
19 86 27 6 18
20 113 24 4 12
21 77 16 5 15
22 143 5 1 3
23 125 6 3 9
24 190 6 5 15
28 62 13 1 3
28 87 6 3 9
29 44 11 1 3
30 181 8 6 18
30 31 26 5 15
31 149 5 2 6
32 158 28 3 9
33 42 19 1 3
34 161 29 2 6
35 125 20 1 3
36 75 26 1 3
37 40 13 6 18
38 192 13 5 15
38 192 5 6 18
39 178 8 6 18
39 156 22 3 9
41 115 8 3 9
41 75 11 4 12
41 49 7 3 9
42 63 18 1 3
43 147 8 5 15
44 151 18 5 15
45 80 15 2 6
46 165 10 2 6
47 53 20 3 9
48 190 13 6 18
48 183 15 2 6
49 82 23 3 9
50 195 6 6 18
51 70 11 2 6
52 88 21 2 6
53 127 7 4 12
54 83 24 3 9
55 157 17 3 9
55 73 8 3 9
58 78 24 5 15
59 158 9 1 3
60 191 9 5 15
61 198 26 3 9
62 176 5 2 6
63 64 8 6 18
65 171 24 4 12
66 105 19 3 9
67 91 25 4 12
68 148 5 6 18
68 122 11 2 6
69 188 20 5 15
70 152 12 2 6
71 81 9 2 6
73 111 16 1 3
74 155 11 6 18
75 126 30 3 9
76 82 12 3 9
79 162 6 4 12
80 197 22 6 18
80 151 20 1 3
81 118 18 5 15
82 110 21 4 12
83 142 12 5 15
84 151 20 3 9
86 87 26 1 3
87 154 18 2 6
88 143 18 5 15
88 159 26 2 6
90 150 26 6 18
92 183 15 4 12
93 140 13 6 18
94 159 16 3 9
94 193 24 6 18
95 180 5 6 18
96 182 7 6 18
96 146 22 3 9
101 180 22 4 12
102 132 15 6 18
103 170 17 3 9
104 108 19 3 9
105 181 15 1 3
106 170 10 4 12
106 158 26 4 12
108 111 7 1 3
109 199 21 2 6
111 131 14 1 3
112 194 17 1 3
112 126 9 5 15
113 199 13 1 3
113 174 12 3 9
114 161 23 2 6
115 151 19 4 12
116 167 6 1 3
117 142 9 2 6
117 199 21 6 18
118 129 21 2 6
119 189 20 5 15
120 161 14 2 6
122 197 20 2 6
122 154 27 3 9
124 149 7 1 3
125 193 14 1 3
126 169 18 3 9
127 173 26 5 15
128 184 16 1 3
129 184 22 6 18
130 135 23 6 18
131 177 22 5 15
132 187 15 1 3
133 184 21 3 9
133 189 25 1 3
133 161 22 1 3
134 168 30 5 15
135 168 6 2 6
136 171 25 3 9
136 156 11 1 3
138 170 10 5 15
139 156 25 1 3
140 163 23 5 15
142 144 28 3 9
143 185 26 3 9
144 162 20 1 3
145 192 27 4 12
145 162 27 5 15
146 172 8 3 9
147 190 18 5 15
147 165 15 6 18
148 171 24 2 6
150 191 12 4 12
151 188 23 1 3
154 169 27 3 9
155 167 12 2 6
156 190 21 2 6
157 173 13 6 18
157 177 27 3 9
158 174 18 3 9
159 197 30 3 9
160 198 23 5 15
161 170 21 6 18
162 178 7 1 3
163 164 21 6 18
164 189 9 6 18
165 179 22 1 3
166 193 25 2 6
167 190 17 3 9
168 186 6 3 9
169 176 30 6 18
170 179 8 2 6
171 193 26 1 3
171 180 29 2 6
172 191 8 4 12
172 173 22 3 9
173 188 16 1 3
174 194 18 2 6
175 185 28 6 18
176 177 11 5 15
177 197 27 1 3
178 195 18 4 12
179 189 11 2 6
179 189 14 1 3
180 186 26 6 18
180 194 27 1 3
182 185 25 5 15
182 187 30 6 18
183 200 25 6 18
183 188 6 6 18
184 192 28 2 6
185 198 16 3 9
186 198 15 6 18
187 199 13 4 12
189 197 15 2 6
190 193 25 6 18
191 196 15 4 12
191 195 8 5 15
192 194 7 2 6
193 197 5 5 15
195 198 17 5 15
196 198 9 2 6
197 198 9 6 18
198 199 7 4 12
199 200 22 3 9
99 166 27 0 0
40 193 25 0 0
188 192 29 0 0
90 139 14 0 0
91 187 26 0 0
159 168 22 0 0
174 186 27 0 0
134 172 17 0 0
149 169 26 0 0
194 200 7 0 0
181 199 24 0 0
100 196 5 0 0
11 163 9 0 0
20 45 26 0 0
56 87 17 0 0
27 135 30 0 0
26 139 28 0 0
136 172 24 0 0
120 149 29 0 0
89 99 29 0 0
97 198 9 0 0
153 174 14 0 0
90 179 12 0 0
85 113 30 0 0
27 114 30 0 0
98 170 13 0 0
64 88 16 0 0
107 142 24 0 0
152 194 29 0 0
14 95 23 0 0
57 148 30 0 0
146 198 10 0 0
139 179 24 0 0
78 172 25 0 0
13 115 21 0 0
11 182 12 0 0
141 182 8 0 0
79 116 11 0 0
77 130 15 0 0
187 196 11 0 0
25 101 8 0 0
110 136 14 0 0
54 154 15 0 0
123 189 26 0 0
72 178 30 0 0
52 187 16 0 0
10 175 16 0 0
137 164 8 0 0
5 176 5 0 0
121 196 24 0 0