150 200 160
90 270
29 63 46 70 120
1 65 20 4 12
2 64 22 3 9
3 13 18 3 9
4 137 22 5 15
5 69 13 2 6
6 134 24 2 6
7 14 18 3 9
8 83 30 5 15
9 20 27 2 6
10 78 23 1 3
11 145 11 6 18
12 62 15 4 12
13 62 17 3 9
13 96 18 2 6
14 69 6 5 15
15 78 26 3 9
16 146 25 3 9
17 106 27 3 9
18 80 18 4 12
18 105 18 5 15
19 83 15 6 18
21 61 5 6 18
22 94 9 4 12
24 110 23 4 12
24 92 17 5 15
25 103 13 3 9
26 105 22 3 9
26 85 24 6 18
27 98 24 3 9
28 86 16 5 15
28 129 8 6 18
29 131 19 4 12
30 146 11 5 15
31 126 15 4 12
32 45 29 3 9
33 80 22 1 3
34 121 17 4 12
36 83 9 4 12
38 67 29 3 9
39 72 12 2 6
40 143 30 2 6
41 49 20 1 3
42 96 29 5 15
44 127 22 6 18
45 147 22 4 12
46 64 21 1 3
48 83 19 1 3
50 67 21 1 3
51 54 28 5 15
51 67 6 4 12
52 144 17 3 9
54 134 14 2 6
55 143 16 6 18
56 122 18 4 12
57 141 22 2 6
58 68 27 1 3
58 78 12 3 9
59 119 15 3 9
60 133 25 6 18
61 116 13 1 3
62 76 15 2 6
63 149 26 1 3
64 76 5 5 15
65 111 6 6 18
66 106 21 4 12
66 68 9 4 12
66 120 8 2 6
67 103 16 6 18
68 123 21 5 15
69 132 7 1 3
69 76 30 6 18
70 105 18 3 9
72 135 6 4 12
73 96 30 2 6
74 120 23 2 6
75 115 24 5 15
76 106 19 1 3
76 94 5 6 18
78 88 22 6 18
78 146 25 3 9
79 99 11 4 12
79 93 9 4 12
80 97 19 2 6
81 129 9 5 15
82 126 6 5 15
84 128 26 2 6
86 104 28 1 3
87 90 28 5 15
87 104 14 5 15
88 119 26 5 15
89 107 19 3 9
89 104 16 2 6
90 114 24 6 18
91 111 21 5 15
93 96 18 5 15
94 97 12 5 15
96 143 19 1 3
97 110 27 5 15
101 116 12 2 6
101 117 30 6 18
101 134 16 2 6
102 103 19 4 12
103 143 5 1 3
103 141 12 6 18
104 125 23 6 18
105 141 13 5 15
106 124 10 5 15
107 119 29 1 3
108 145 30 2 6
109 145 30 1 3
110 143 30 6 18
112 118 23 5 15
113 124 27 6 18
113 136 25 4 12
113 133 12 1 3
114 121 18 3 9
114 131 7 4 12
115 128 6 6 18
117 136 6 4 12
118 137 10 2 6
119 145 23 5 15
120 135 11 1 3
121 129 19 4 12
121 125 20 2 6
122 135 8 2 6
122 143 8 6 18
123 126 19 6 18
125 132 7 2 6
126 144 24 3 9
126 143 13 5 15
126 127 9 6 18
127 147 7 4 12
128 129 10 1 3
129 149 15 6 18
130 140 15 5 15
132 137 21 2 6
132 134 9 3 9
133 144 26 2 6
134 136 24 1 3
134 140 23 1 3
135 139 10 5 15
137 148 22 1 3
138 149 12 5 15
139 149 16 4 12
140 142 29 1 3
140 146 11 2 6
140 142 7 3 9
141 145 26 6 18
142 150 22 1 3
143 149 30 5 15
143 150 24 1 3
144 146 15 2 6
144 148 13 3 9
145 146 24 3 9
145 148 27 4 12
146 148 8 2 6
147 150 26 6 18
148 150 18 4 12
148 149 28 4 12
149 150 5 1 3
116 127 7 0 0
20 64 7 0 0
92 100 26 0 0
49 132 13 0 0
8 34 9 0 0
47 147 11 0 0
55 78 6 0 0
32 112 30 0 0
98 106 25 0 0
123 140 22 0 0
77 137 5 0 0
124 139 9 0 0
115 135 13 0 0
53 72 27 0 0
131 145 27 0 0
79 100 29 0 0
99 123 11 0 0
111 127 24 0 0
83 122 10 0 0
28 147 17 0 0
128 142 24 0 0
78 84 30 0 0
37 124 10 0 0
56 111 23 0 0
82 142 22 0 0
106 129 9 0 0
43 99 14 0 0
136 137 30 0 0
29 52 17 0 0
52 106 15 0 0
23 119 6 0 0
91 114 7 0 0
85 96 10 0 0
71 144 29 0 0
100 101 11 0 0
95 110 15 0 0
87 132 9 0 0
65 109 29 0 0
35 91 29 0 0
18 49 17 0 0