100 150 120
320
8 19 82 74
1 65 17 16
2 46 6 16
3 81 8 20
4 10 9 16
6 93 24 16
7 11 26 20
7 57 17 20
8 67 8 4
9 79 19 12
9 38 29 24
10 77 26 8
11 82 10 4
11 90 7 4
11 83 30 4
14 42 16 24
14 20 27 16
15 22 28 4
15 31 30 24
16 41 17 12
17 43 5 12
17 49 18 8
18 72 8 12
18 32 7 8
18 58 29 16
19 67 29 4
20 55 5 16
20 82 7 8
21 31 16 4
22 57 29 8
22 37 17 24
24 36 7 8
24 32 16 12
25 55 5 12
26 31 17 24
28 68 14 4
28 33 18 16
28 95 5 20
30 79 15 16
31 74 24 20
31 47 10 8
32 80 7 8
33 79 10 20
34 96 16 24
34 35 25 4
35 45 8 4
36 60 18 20
37 63 16 12
39 96 13 8
39 69 21 12
40 82 7 24
40 43 18 12
41 85 12 24
42 84 9 16
43 87 30 16
44 66 8 16
44 83 19 16
45 88 5 20
45 71 9 16
46 83 23 20
47 94 9 12
48 58 25 20
48 83 24 8
49 82 15 12
50 81 15 24
51 67 12 4
52 72 12 16
52 82 29 8
52 78 28 8
52 83 14 12
53 75 27 16
54 59 21 24
55 70 7 24
57 89 24 12
58 97 12 20
59 84 11 24
60 90 6 20
61 87 28 8
62 72 18 12
63 97 22 12
63 98 19 8
64 72 20 24
65 75 26 24
65 85 20 8
68 69 28 24
69 76 24 16
70 75 13 16
71 88 16 8
72 99 9 8
73 97 6 8
74 84 30 8
74 76 28 8
75 93 20 24
77 78 23 24
78 93 8 4
78 99 8 8
79 95 30 12
80 87 14 4
80 92 23 12
81 90 30 4
81 92 6 4
82 85 6 16
83 89 7 16
84 88 18 12
86 95 6 8
87 94 5 20
87 94 18 8
88 94 14 24
92 98 11 24
93 96 18 12
93 94 19 12
94 98 9 20
94 97 13 4
95 96 23 20
95 98 22 4
96 97 20 4
97 98 13 24
97 99 13 8
98 100 11 24
99 100 12 8
99 100 21 24
27 44 14 0
89 96 23 0
90 97 20 0
56 97 28 0
23 43 14 0
76 85 13 0
79 94 28 0
94 96 6 0
67 88 17 0
38 81 6 0
91 97 27 0
12 18 8 0
66 72 17 0
83 89 28 0
15 66 16 0
5 51 28 0
60 61 8 0
63 76 6 0
62 75 19 0
59 71 28 0
78 80 25 0
13 23 13 0
85 98 20 0
12 54 23 0
5 37 10 0
85 95 27 0
8 62 18 0
29 44 9 0
50 52 17 0
35 67 30 0