200 250 200
60 60 120
71 78 128 123 13 108
1 25 5 4 4 8
2 14 17 2 2 4
3 120 30 3 3 6
3 196 28 2 2 4
4 193 18 5 5 10
6 74 6 4 4 8
7 107 11 6 6 12
7 139 10 3 3 6
7 180 21 3 3 6
8 72 17 4 4 8
9 105 18 6 6 12
12 144 20 4 4 8
14 93 21 2 2 4
15 70 28 1 1 2
16 133 14 6 6 12
17 52 13 4 4 8
18 200 16 1 1 2
19 86 27 6 6 12
20 113 24 4 4 8
21 77 16 5 5 10
22 143 5 1 1 2
23 125 6 3 3 6
24 190 6 5 5 10
28 62 13 1 1 2
28 87 6 3 3 6
29 44 11 1 1 2
30 181 8 6 6 12
30 31 26 5 5 10
31 149 5 2 2 4
32 158 28 3 3 6
33 42 19 1 1 2
34 161 29 2 2 4
35 125 20 1 1 2
36 75 26 1 1 2
37 40 13 6 6 12
38 192 13 5 5 10
38 192 5 6 6 12
39 178 8 6 6 12
39 156 22 3 3 6
41 115 8 3 3 6
41 75 11 4 4 8
41 49 7 3 3 6
42 63 18 1 1 2
43 147 8 5 5 10
44 151 18 5 5 10
45 80 15 2 2 4
46 165 10 2 2 4
47 53 20 3 3 6
48 190 13 6 6 12
48 183 15 2 2 4
49 82 23 3 3 6
50 195 6 6 6 12
51 70 11 2 2 4
52 88 21 2 2 4
53 127 7 4 4 8
54 83 24 3 3 6
55 157 17 3 3 6
55 73 8 3 3 6
58 78 24 5 5 10
59 158 9 1 1 2
60 191 9 5 5 10
61 198 26 3 3 6
62 176 5 2 2 4
63 64 8 6 6 12
65 171 24 4 4 8
66 105 19 3 3 6
67 91 25 4 4 8
68 148 5 6 6 12
68 122 11 2 2 4
69 188 20 5 5 10
70 152 12 2 2 4
71 81 9 2 2 4
73 111 16 1 1 2
74 155 11 6 6 12
75 126 30 3 3 6
76 82 12 3 3 6
79 162 6 4 4 8
80 197 22 6 6 12
80 151 20 1 1 2
81 118 18 5 5 10
82 110 21 4 4 8
83 142 12 5 5 10
84 151 20 3 3 6
86 87 26 1 1 2
87 154 18 2 2 4
88 143 18 5 5 10
88 159 26 2 2 4
90 150 26 6 6 12
92 183 15 4 4 8
93 140 13 6 6 12
94 159 16 3 3 6
94 193 24 6 6 12
95 180 5 6 6 12
96 182 7 6 6 12
96 146 22 3 3 6
101 180 22 4 4 8
102 132 15 6 6 12
103 170 17 3 3 6
104 108 19 3 3 6
105 181 15 1 1 2
106 170 10 4 4 8
106 158 26 4 4 8
108 111 7 1 1 2
109 199 21 2 2 4
111 131 14 1 1 2
112 194 17 1 1 2
112 126 9 5 5 10
113 199 13 1 1 2
113 174 12 3 3 6
114 161 23 2 2 4
115 151 19 4 4 8
116 167 6 1 1 2
117 142 9 2 2 4
117 199 21 6 6 12
118 129 21 2 2 4
119 189 20 5 5 10
120 161 14 2 2 4
122 197 20 2 2 4
122 154 27 3 3 6
124 149 7 1 1 2
125 193 14 1 1 2
126 169 18 3 3 6
127 173 26 5 5 10
128 184 16 1 1 2
129 184 22 6 6 12
130 135 23 6 6 12
131 177 22 5 5 10
132 187 15 1 1 2
133 184 21 3 3 6
133 189 25 1 1 2
133 161 22 1 1 2
134 168 30 5 5 10
135 168 6 2 2 4
136 171 25 3 3 6
136 156 11 1 1 2
138 170 10 5 5 10
139 156 25 1 1 2
140 163 23 5 5 10
142 144 28 3 3 6
143 185 26 3 3 6
144 162 20 1 1 2
145 192 27 4 4 8
145 162 27 5 5 10
146 172 8 3 3 6
147 190 18 5 5 10
147 165 15 6 6 12
148 171 24 2 2 4
150 191 12 4 4 8
151 188 23 1 1 2
154 169 27 3 3 6
155 167 12 2 2 4
156 190 21 2 2 4
157 173 13 6 6 12
157 177 27 3 3 6
158 174 18 3 3 6
159 197 30 3 3 6
160 198 23 5 5 10
161 170 21 6 6 12
162 178 7 1 1 2
163 164 21 6 6 12
164 189 9 6 6 12
165 179 22 1 1 2
166 193 25 2 2 4
167 190 17 3 3 6
168 186 6 3 3 6
169 176 30 6 6 12
170 179 8 2 2 4
171 193 26 1 1 2
171 180 29 2 2 4
172 191 8 4 4 8
172 173 22 3 3 6
173 188 16 1 1 2
174 194 18 2 2 4
175 185 28 6 6 12
176 177 11 5 5 10
177 197 27 1 1 2
178 195 18 4 4 8
179 189 11 2 2 4
179 189 14 1 1 2
180 186 26 6 6 12
180 194 27 1 1 2
182 185 25 5 5 10
182 187 30 6 6 12
183 200 25 6 6 12
183 188 6 6 6 12
184 192 28 2 2 4
185 198 16 3 3 6
186 198 15 6 6 12
187 199 13 4 4 8
189 197 15 2 2 4
190 193 25 6 6 12
191 196 15 4 4 8
191 195 8 5 5 10
192 194 7 2 2 4
193 197 5 5 5 10
195 198 17 5 5 10
196 198 9 2 2 4
197 198 9 6 6 12
198 199 7 4 4 8
199 200 22 3 3 6
99 166 27 0 0 0
40 193 25 0 0 0
188 192 29 0 0 0
90 139 14 0 0 0
91 187 26 0 0 0
159 168 22 0 0 0
174 186 27 0 0 0
134 172 17 0 0 0
149 169 26 0 0 0
194 200 7 0 0 0
181 199 24 0 0 0
100 196 5 0 0 0
11 163 9 0 0 0
20 45 26 0 0 0
56 87 17 0 0 0
27 135 30 0 0 0
26 139 28 0 0 0
136 172 24 0 0 0
120 149 29 0 0 0
89 99 29 0 0 0
97 198 9 0 0 0
153 174 14 0 0 0
90 179 12 0 0 0
85 113 30 0 0 0
27 114 30 0 0 0
98 170 13 0 0 0
64 88 16 0 0 0
107 142 24 0 0 0
152 194 29 0 0 0
14 95 23 0 0 0
57 148 30 0 0 0
146 198 10 0 0 0
139 179 24 0 0 0
78 172 25 0 0 0
13 115 21 0 0 0
11 182 12 0 0 0
141 182 8 0 0 0
79 116 11 0 0 0
77 130 15 0 0 0
187 196 11 0 0 0
25 101 8 0 0 0
110 136 14 0 0 0
54 154 15 0 0 0
123 189 26 0 0 0
72 178 30 0 0 0
52 187 16 0 0 0
10 175 16 0 0 0
137 164 8 0 0 0
5 176 5 0 0 0
121 196 24 0 0 0