200 250 200
90 270
108 121 110 24 152 70
2 128 9 2 6
3 145 5 5 15
4 28 11 6 18
5 77 14 3 9
6 141 25 5 15
7 92 13 5 15
7 14 29 6 18
8 194 11 5 15
8 169 11 6 18
9 130 12 6 18
12 101 23 6 18
13 152 14 6 18
14 21 5 1 3
15 112 27 4 12
16 135 17 5 15
16 98 29 3 9
16 20 13 1 3
16 147 15 1 3
18 101 22 2 6
19 83 20 2 6
20 120 25 5 15
21 49 18 5 15
22 189 26 6 18
23 121 10 3 9
24 118 7 5 15
25 186 28 6 18
26 30 15 3 9
26 54 7 2 6
27 89 13 6 18
28 149 29 4 12
29 170 21 1 3
30 161 12 5 15
31 140 26 1 3
31 88 23 3 9
32 198 26 6 18
34 35 12 6 18
35 174 16 3 9
36 140 20 2 6
37 147 12 2 6
38 82 5 1 3
39 62 12 2 6
40 194 28 3 9
41 182 30 4 12
42 51 11 6 18
44 61 24 4 12
45 81 10 6 18
46 185 13 2 6
47 150 5 1 3
48 149 18 2 6
48 162 20 2 6
50 136 6 5 15
52 125 28 6 18
53 71 13 4 12
54 132 16 5 15
55 188 24 1 3
56 147 6 1 3
58 91 24 3 9
60 113 20 3 9
61 101 16 1 3
62 161 9 6 18
63 83 22 4 12
64 93 12 3 9
64 158 25 4 12
65 74 19 6 18
66 80 23 6 18
68 125 19 3 9
69 171 24 1 3
69 81 16 3 9
69 107 13 3 9
70 132 16 4 12
70 94 5 2 6
72 135 20 6 18
73 170 9 1 3
74 106 14 3 9
76 122 19 4 12
77 162 23 6 18
78 172 10 2 6
79 169 16 1 3
81 163 15 1 3
82 149 19 6 18
82 172 10 4 12
83 176 27 3 9
84 170 5 3 9
85 89 7 2 6
86 128 15 5 15
88 197 24 2 6
89 119 22 3 9
90 162 7 6 18
92 137 12 6 18
94 150 28 4 12
95 155 19 4 12
96 168 29 4 12
97 134 16 2 6
97 170 25 3 9
99 151 16 2 6
99 133 27 2 6
100 143 13 2 6
101 162 28 3 9
101 121 5 1 3
102 147 19 2 6
102 187 9 2 6
103 194 12 5 15
105 171 20 6 18
106 179 15 5 15
106 179 25 6 18
108 164 28 3 9
109 144 8 3 9
109 185 22 4 12
110 199 19 2 6
112 164 9 1 3
112 174 24 1 3
114 174 17 4 12
115 186 18 3 9
116 155 16 2 6
117 149 30 3 9
118 168 9 1 3
119 137 20 6 18
120 175 6 3 9
123 179 7 6 18
124 191 11 3 9
124 141 24 2 6
126 174 14 2 6
127 173 23 5 15
128 171 17 6 18
129 166 18 3 9
131 174 10 2 6
132 171 11 6 18
132 179 14 1 3
134 178 29 1 3
135 153 13 5 15
136 173 8 4 12
139 180 14 1 3
139 159 25 3 9
140 177 23 2 6
141 162 29 3 9
142 149 30 6 18
143 173 11 1 3
144 194 6 4 12
146 166 10 1 3
146 185 13 4 12
147 187 24 2 6
148 184 15 4 12
148 159 11 5 15
149 180 11 5 15
150 172 30 3 9
152 200 12 3 9
153 170 28 5 15
153 177 29 6 18
154 199 17 6 18
155 169 17 6 18
155 194 20 4 12
157 158 15 1 3
158 173 14 5 15
158 193 15 6 18
159 182 6 3 9
160 200 23 5 15
161 175 18 3 9
162 165 15 5 15
163 169 29 5 15
164 167 22 1 3
164 173 25 4 12
165 174 17 1 3
166 194 5 6 18
167 182 15 5 15
168 190 30 5 15
169 182 12 2 6
170 199 22 4 12
171 199 30 6 18
171 190 20 6 18
172 176 24 6 18
173 180 22 5 15
175 199 30 1 3
175 187 14 4 12
176 184 27 2 6
177 181 28 1 3
177 195 21 4 12
178 189 26 2 6
179 187 18 5 15
180 182 13 1 3
181 190 22 3 9
182 192 13 2 6
183 191 15 3 9
183 186 21 2 6
184 200 15 2 6
185 200 12 4 12
186 199 29 5 15
186 198 13 1 3
188 200 18 1 3
190 200 19 2 6
191 197 25 3 9
192 199 25 3 9
192 193 18 3 9
193 196 25 1 3
194 197 8 2 6
195 200 18 1 3
196 200 12 2 6
196 199 30 6 18
197 199 7 2 6
198 200 6 4 12
199 200 13 5 15
104 169 11 0 0
148 165 19 0 0
12 109 6 0 0
122 166 12 0 0
13 122 18 0 0
1 18 20 0 0
189 198 28 0 0
67 185 30 0 0
93 125 27 0 0
138 162 11 0 0
43 160 28 0 0
80 127 11 0 0
130 179 9 0 0
51 59 15 0 0
59 165 26 0 0
17 130 20 0 0
113 164 24 0 0
51 89 13 0 0
173 196 22 0 0
71 146 14 0 0
6 143 21 0 0
133 182 6 0 0
49 146 11 0 0
187 188 9 0 0
98 120 21 0 0
174 181 15 0 0
33 41 28 0 0
11 198 7 0 0
87 119 11 0 0
73 145 17 0 0
120 191 6 0 0
91 138 17 0 0
177 190 21 0 0
143 163 27 0 0
75 194 30 0 0
121 185 28 0 0
107 138 27 0 0
151 154 15 0 0
158 181 20 0 0
10 164 16 0 0
145 157 13 0 0
57 178 25 0 0
137 161 13 0 0
156 189 16 0 0
83 86 17 0 0
111 162 21 0 0
54 59 14 0 0
125 195 13 0 0
11 162 27 0 0
108 151 16 0 0