200 250 200
90 90 180
108 121 110 24 152 70
2 128 9 2 2 4
3 145 5 5 5 10
4 28 11 6 6 12
5 77 14 3 3 6
6 141 25 5 5 10
7 92 13 5 5 10
7 14 29 6 6 12
8 194 11 5 5 10
8 169 11 6 6 12
9 130 12 6 6 12
12 101 23 6 6 12
13 152 14 6 6 12
14 21 5 1 1 2
15 112 27 4 4 8
16 135 17 5 5 10
16 98 29 3 3 6
16 20 13 1 1 2
16 147 15 1 1 2
18 101 22 2 2 4
19 83 20 2 2 4
20 120 25 5 5 10
21 49 18 5 5 10
22 189 26 6 6 12
23 121 10 3 3 6
24 118 7 5 5 10
25 186 28 6 6 12
26 30 15 3 3 6
26 54 7 2 2 4
27 89 13 6 6 12
28 149 29 4 4 8
29 170 21 1 1 2
30 161 12 5 5 10
31 140 26 1 1 2
31 88 23 3 3 6
32 198 26 6 6 12
34 35 12 6 6 12
35 174 16 3 3 6
36 140 20 2 2 4
37 147 12 2 2 4
38 82 5 1 1 2
39 62 12 2 2 4
40 194 28 3 3 6
41 182 30 4 4 8
42 51 11 6 6 12
44 61 24 4 4 8
45 81 10 6 6 12
46 185 13 2 2 4
47 150 5 1 1 2
48 149 18 2 2 4
48 162 20 2 2 4
50 136 6 5 5 10
52 125 28 6 6 12
53 71 13 4 4 8
54 132 16 5 5 10
55 188 24 1 1 2
56 147 6 1 1 2
58 91 24 3 3 6
60 113 20 3 3 6
61 101 16 1 1 2
62 161 9 6 6 12
63 83 22 4 4 8
64 93 12 3 3 6
64 158 25 4 4 8
65 74 19 6 6 12
66 80 23 6 6 12
68 125 19 3 3 6
69 171 24 1 1 2
69 81 16 3 3 6
69 107 13 3 3 6
70 132 16 4 4 8
70 94 5 2 2 4
72 135 20 6 6 12
73 170 9 1 1 2
74 106 14 3 3 6
76 122 19 4 4 8
77 162 23 6 6 12
78 172 10 2 2 4
79 169 16 1 1 2
81 163 15 1 1 2
82 149 19 6 6 12
82 172 10 4 4 8
83 176 27 3 3 6
84 170 5 3 3 6
85 89 7 2 2 4
86 128 15 5 5 10
88 197 24 2 2 4
89 119 22 3 3 6
90 162 7 6 6 12
92 137 12 6 6 12
94 150 28 4 4 8
95 155 19 4 4 8
96 168 29 4 4 8
97 134 16 2 2 4
97 170 25 3 3 6
99 151 16 2 2 4
99 133 27 2 2 4
100 143 13 2 2 4
101 162 28 3 3 6
101 121 5 1 1 2
102 147 19 2 2 4
102 187 9 2 2 4
103 194 12 5 5 10
105 171 20 6 6 12
106 179 15 5 5 10
106 179 25 6 6 12
108 164 28 3 3 6
109 144 8 3 3 6
109 185 22 4 4 8
110 199 19 2 2 4
112 164 9 1 1 2
112 174 24 1 1 2
114 174 17 4 4 8
115 186 18 3 3 6
116 155 16 2 2 4
117 149 30 3 3 6
118 168 9 1 1 2
119 137 20 6 6 12
120 175 6 3 3 6
123 179 7 6 6 12
124 191 11 3 3 6
124 141 24 2 2 4
126 174 14 2 2 4
127 173 23 5 5 10
128 171 17 6 6 12
129 166 18 3 3 6
131 174 10 2 2 4
132 171 11 6 6 12
132 179 14 1 1 2
134 178 29 1 1 2
135 153 13 5 5 10
136 173 8 4 4 8
139 180 14 1 1 2
139 159 25 3 3 6
140 177 23 2 2 4
141 162 29 3 3 6
142 149 30 6 6 12
143 173 11 1 1 2
144 194 6 4 4 8
146 166 10 1 1 2
146 185 13 4 4 8
147 187 24 2 2 4
148 184 15 4 4 8
148 159 11 5 5 10
149 180 11 5 5 10
150 172 30 3 3 6
152 200 12 3 3 6
153 170 28 5 5 10
153 177 29 6 6 12
154 199 17 6 6 12
155 169 17 6 6 12
155 194 20 4 4 8
157 158 15 1 1 2
158 173 14 5 5 10
158 193 15 6 6 12
159 182 6 3 3 6
160 200 23 5 5 10
161 175 18 3 3 6
162 165 15 5 5 10
163 169 29 5 5 10
164 167 22 1 1 2
164 173 25 4 4 8
165 174 17 1 1 2
166 194 5 6 6 12
167 182 15 5 5 10
168 190 30 5 5 10
169 182 12 2 2 4
170 199 22 4 4 8
171 199 30 6 6 12
171 190 20 6 6 12
172 176 24 6 6 12
173 180 22 5 5 10
175 199 30 1 1 2
175 187 14 4 4 8
176 184 27 2 2 4
177 181 28 1 1 2
177 195 21 4 4 8
178 189 26 2 2 4
179 187 18 5 5 10
180 182 13 1 1 2
181 190 22 3 3 6
182 192 13 2 2 4
183 191 15 3 3 6
183 186 21 2 2 4
184 200 15 2 2 4
185 200 12 4 4 8
186 199 29 5 5 10
186 198 13 1 1 2
188 200 18 1 1 2
190 200 19 2 2 4
191 197 25 3 3 6
192 199 25 3 3 6
192 193 18 3 3 6
193 196 25 1 1 2
194 197 8 2 2 4
195 200 18 1 1 2
196 200 12 2 2 4
196 199 30 6 6 12
197 199 7 2 2 4
198 200 6 4 4 8
199 200 13 5 5 10
104 169 11 0 0 0
148 165 19 0 0 0
12 109 6 0 0 0
122 166 12 0 0 0
13 122 18 0 0 0
1 18 20 0 0 0
189 198 28 0 0 0
67 185 30 0 0 0
93 125 27 0 0 0
138 162 11 0 0 0
43 160 28 0 0 0
80 127 11 0 0 0
130 179 9 0 0 0
51 59 15 0 0 0
59 165 26 0 0 0
17 130 20 0 0 0
113 164 24 0 0 0
51 89 13 0 0 0
173 196 22 0 0 0
71 146 14 0 0 0
6 143 21 0 0 0
133 182 6 0 0 0
49 146 11 0 0 0
187 188 9 0 0 0
98 120 21 0 0 0
174 181 15 0 0 0
33 41 28 0 0 0
11 198 7 0 0 0
87 119 11 0 0 0
73 145 17 0 0 0
120 191 6 0 0 0
91 138 17 0 0 0
177 190 21 0 0 0
143 163 27 0 0 0
75 194 30 0 0 0
121 185 28 0 0 0
107 138 27 0 0 0
151 154 15 0 0 0
158 181 20 0 0 0
10 164 16 0 0 0
145 157 13 0 0 0
57 178 25 0 0 0
137 161 13 0 0 0
156 189 16 0 0 0
83 86 17 0 0 0
111 162 21 0 0 0
54 59 14 0 0 0
125 195 13 0 0 0
11 162 27 0 0 0
108 151 16 0 0 0