200 250 200
360
108 121 110 24 152 70
2 128 9 8
3 145 5 20
4 28 11 24
5 77 14 12
6 141 25 20
7 92 13 20
7 14 29 24
8 194 11 20
8 169 11 24
9 130 12 24
12 101 23 24
13 152 14 24
14 21 5 4
15 112 27 16
16 135 17 20
16 98 29 12
16 20 13 4
16 147 15 4
18 101 22 8
19 83 20 8
20 120 25 20
21 49 18 20
22 189 26 24
23 121 10 12
24 118 7 20
25 186 28 24
26 30 15 12
26 54 7 8
27 89 13 24
28 149 29 16
29 170 21 4
30 161 12 20
31 140 26 4
31 88 23 12
32 198 26 24
34 35 12 24
35 174 16 12
36 140 20 8
37 147 12 8
38 82 5 4
39 62 12 8
40 194 28 12
41 182 30 16
42 51 11 24
44 61 24 16
45 81 10 24
46 185 13 8
47 150 5 4
48 149 18 8
48 162 20 8
50 136 6 20
52 125 28 24
53 71 13 16
54 132 16 20
55 188 24 4
56 147 6 4
58 91 24 12
60 113 20 12
61 101 16 4
62 161 9 24
63 83 22 16
64 93 12 12
64 158 25 16
65 74 19 24
66 80 23 24
68 125 19 12
69 171 24 4
69 81 16 12
69 107 13 12
70 132 16 16
70 94 5 8
72 135 20 24
73 170 9 4
74 106 14 12
76 122 19 16
77 162 23 24
78 172 10 8
79 169 16 4
81 163 15 4
82 149 19 24
82 172 10 16
83 176 27 12
84 170 5 12
85 89 7 8
86 128 15 20
88 197 24 8
89 119 22 12
90 162 7 24
92 137 12 24
94 150 28 16
95 155 19 16
96 168 29 16
97 134 16 8
97 170 25 12
99 151 16 8
99 133 27 8
100 143 13 8
101 162 28 12
101 121 5 4
102 147 19 8
102 187 9 8
103 194 12 20
105 171 20 24
106 179 15 20
106 179 25 24
108 164 28 12
109 144 8 12
109 185 22 16
110 199 19 8
112 164 9 4
112 174 24 4
114 174 17 16
115 186 18 12
116 155 16 8
117 149 30 12
118 168 9 4
119 137 20 24
120 175 6 12
123 179 7 24
124 191 11 12
124 141 24 8
126 174 14 8
127 173 23 20
128 171 17 24
129 166 18 12
131 174 10 8
132 171 11 24
132 179 14 4
134 178 29 4
135 153 13 20
136 173 8 16
139 180 14 4
139 159 25 12
140 177 23 8
141 162 29 12
142 149 30 24
143 173 11 4
144 194 6 16
146 166 10 4
146 185 13 16
147 187 24 8
148 184 15 16
148 159 11 20
149 180 11 20
150 172 30 12
152 200 12 12
153 170 28 20
153 177 29 24
154 199 17 24
155 169 17 24
155 194 20 16
157 158 15 4
158 173 14 20
158 193 15 24
159 182 6 12
160 200 23 20
161 175 18 12
162 165 15 20
163 169 29 20
164 167 22 4
164 173 25 16
165 174 17 4
166 194 5 24
167 182 15 20
168 190 30 20
169 182 12 8
170 199 22 16
171 199 30 24
171 190 20 24
172 176 24 24
173 180 22 20
175 199 30 4
175 187 14 16
176 184 27 8
177 181 28 4
177 195 21 16
178 189 26 8
179 187 18 20
180 182 13 4
181 190 22 12
182 192 13 8
183 191 15 12
183 186 21 8
184 200 15 8
185 200 12 16
186 199 29 20
186 198 13 4
188 200 18 4
190 200 19 8
191 197 25 12
192 199 25 12
192 193 18 12
193 196 25 4
194 197 8 8
195 200 18 4
196 200 12 8
196 199 30 24
197 199 7 8
198 200 6 16
199 200 13 20
104 169 11 0
148 165 19 0
12 109 6 0
122 166 12 0
13 122 18 0
1 18 20 0
189 198 28 0
67 185 30 0
93 125 27 0
138 162 11 0
43 160 28 0
80 127 11 0
130 179 9 0
51 59 15 0
59 165 26 0
17 130 20 0
113 164 24 0
51 89 13 0
173 196 22 0
71 146 14 0
6 143 21 0
133 182 6 0
49 146 11 0
187 188 9 0
98 120 21 0
174 181 15 0
33 41 28 0
11 198 7 0
87 119 11 0
73 145 17 0
120 191 6 0
91 138 17 0
177 190 21 0
143 163 27 0
75 194 30 0
121 185 28 0
107 138 27 0
151 154 15 0
158 181 20 0
10 164 16 0
145 157 13 0
57 178 25 0
137 161 13 0
156 189 16 0
83 86 17 0
111 162 21 0
54 59 14 0
125 195 13 0
11 162 27 0
108 151 16 0