200 250 200
320
105 164 69 139 196 97
1 107 29 24
3 131 18 8
4 148 26 16
5 94 15 8
5 105 28 4
6 114 28 16
7 90 26 16
8 69 26 24
8 11 14 16
9 161 9 8
10 152 22 24
11 139 12 12
12 194 7 12
13 81 5 12
14 141 17 24
15 144 6 24
16 58 20 8
17 107 28 16
18 90 25 8
19 106 17 8
21 91 14 20
22 195 30 20
23 76 8 16
24 117 26 8
25 83 25 12
26 46 14 16
28 81 9 24
28 31 12 8
29 55 24 8
30 55 19 24
32 48 18 16
33 139 29 16
34 98 30 24
35 113 29 12
36 159 11 8
37 43 18 20
38 42 20 24
38 184 13 8
39 162 23 12
40 63 15 20
42 46 10 16
43 190 17 16
44 123 18 20
44 126 21 16
45 46 30 24
46 51 16 16
46 178 26 4
48 163 10 8
49 95 11 16
51 148 11 4
51 176 30 8
52 164 17 16
52 167 13 4
53 165 9 24
54 164 22 16
55 65 27 4
56 180 10 16
56 108 9 16
57 116 13 24
58 189 27 8
59 169 17 24
60 106 9 4
61 133 17 8
62 96 21 12
63 158 17 24
65 123 30 8
66 190 17 4
68 91 9 4
71 103 7 8
72 160 7 12
73 106 11 16
74 164 12 24
75 106 23 12
77 156 22 4
77 103 5 4
78 95 25 24
79 88 13 20
81 91 29 24
82 147 24 4
83 161 25 20
83 168 27 24
87 173 8 24
88 197 20 24
89 103 11 8
90 168 6 4
91 157 8 24
92 162 10 8
93 137 21 16
96 140 8 4
97 175 17 16
98 134 19 4
99 111 30 20
100 113 5 12
101 167 27 8
102 153 19 16
103 180 13 24
103 163 15 12
104 157 22 20
105 193 10 8
106 122 19 24
107 162 6 20
108 152 17 16
108 167 22 24
108 153 26 4
111 121 22 4
112 167 11 16
113 125 12 24
114 172 16 4
115 197 20 12
117 152 24 20
118 158 5 4
119 137 11 24
120 135 26 8
120 133 28 20
121 195 19 12
121 167 25 24
122 128 15 20
123 178 25 24
124 126 27 12
125 155 27 8
126 189 29 16
127 167 12 4
128 182 7 20
129 151 25 12
130 177 20 8
130 179 29 12
131 175 26 20
132 189 11 8
133 163 23 16
134 199 25 24
136 180 8 16
138 148 16 24
139 190 9 4
139 178 16 24
140 200 19 16
141 183 6 16
142 167 29 24
143 186 13 12
145 186 19 16
146 157 28 12
146 152 9 8
147 155 23 12
148 163 17 24
149 188 25 12
150 158 15 20
151 199 7 8
152 164 7 12
153 177 17 4
153 160 19 12
154 175 13 20
155 199 28 24
156 181 16 20
157 164 9 8
158 163 25 20
158 193 8 20
159 192 23 24
160 187 9 20
161 194 10 12
162 198 10 16
162 174 28 4
163 182 15 24
165 181 5 24
166 170 20 16
166 176 16 12
167 174 17 12
168 176 12 8
168 192 26 20
169 182 10 12
171 197 22 24
172 187 9 16
173 178 23 4
174 177 21 20
174 197 23 24
175 195 18 8
175 179 19 16
176 197 28 20
177 185 29 8
177 195 13 12
178 183 23 12
180 185 16 4
181 190 21 24
182 186 20 24
182 190 10 16
183 185 7 20
183 192 26 20
183 194 7 16
184 195 24 24
185 200 18 16
186 198 20 20
187 192 24 8
189 193 27 12
190 193 20 24
191 196 15 20
191 199 22 24
192 195 22 16
193 197 14 16
194 198 22 4
194 198 14 8
195 197 10 16
198 199 17 20
132 148 29 0
86 200 27 0
98 200 20 0
18 24 11 0
64 136 26 0
100 171 17 0
135 143 18 0
109 158 13 0
31 42 22 0
2 98 21 0
53 120 14 0
170 174 27 0
199 200 24 0
27 70 30 0
95 187 13 0
64 95 24 0
113 167 28 0
69 73 26 0
94 169 21 0
20 152 21 0
41 43 14 0
155 169 23 0
71 147 11 0
85 95 16 0
110 191 19 0
149 189 30 0
67 133 11 0
196 200 22 0
144 198 29 0
137 166 25 0
80 113 26 0
47 133 5 0
41 160 8 0
47 95 6 0
157 167 29 0
59 154 22 0
50 195 27 0
58 115 11 0
117 156 7 0
70 190 13 0
133 176 12 0
116 181 8 0
76 125 18 0
74 78 18 0
179 185 26 0
197 200 19 0
84 170 6 0
164 196 27 0
160 173 6 0
188 189 20 0